0,0000;-8,4502


0,4000;-8,4452


0,8000;-8,4407


1,2000;-8,4365


1,6000;-8,4327


2,0000;-8,4291


2,4000;-8,4256


2,8000;-8,4225


3,2000;-8,4196


3,6000;-8,4170


4,0000;-8,4147


4,4000;-8,4125


4,8000;-8,4106


5,2000;-8,4088


5,6000;-8,4072


6,0000;-8,4057


6,4000;-8,4044


6,8000;-8,4031


7,2000;-8,4019


7,6000;-8,4008


8,0000;-8,3998


8,4000;-8,3989


8,8000;-8,3981


9,2000;-8,3974


9,6000;-8,3967


10,0000;-8,3962


10,4000;-8,3956


10,8000;-8,3951


11,2000;-8,3946


11,6000;-8,3941


12,0000;-8,3936


12,4000;-8,3932


12,8000;-8,3928


13,2000;-8,3924


13,6000;-8,3921


14,0000;-8,3918


14,4000;-8,3915


14,8000;-8,3913


15,2000;-8,3910


15,6000;-8,3908


16,0000;-8,3906


16,4000;-8,3903


16,8000;-8,3901


17,2000;-8,3899


17,6000;-8,3898


18,0000;-8,3896


18,4000;-8,3894


18,8000;-8,3892


19,2000;-8,3891


19,6000;-8,3889


20,0000;-8,3888


20,4000;-8,3887


20,8000;-8,3885


21,2000;-8,3884


21,6000;-8,3883


22,0000;-8,3882


22,4000;-8,3881


22,8000;-8,3880


23,2000;-8,3879


23,6000;-8,3878


24,0000;-8,3877


24,4000;-8,3876


24,8000;-8,3875


25,2000;-8,3874


25,6000;-8,3873


26,0000;-8,3872


26,4000;-8,3871


26,8000;-8,3870


27,2000;-8,3869


27,6000;-8,3869


28,0000;-8,3868


28,4000;-8,3868


28,8000;-8,3867


29,2000;-8,3866


29,6000;-8,3865


30,0000;-8,3864


30,4000;-8,3864


30,8000;-8,3863


31,2000;-8,3862


31,6000;-8,3862


32,0000;-8,3861


32,4000;-8,3861


32,8000;-8,3860


33,2000;-8,3860


33,6000;-8,3859


34,0000;-8,3859


34,4000;-8,3859


34,8000;-8,3862


35,2000;-8,3864


35,6000;-8,3870


36,0000;-8,3873


36,4000;-8,3875


36,8000;-8,3878


37,2000;-8,3880


37,6000;-8,3884


38,0000;-8,3884


38,4000;-8,3886


38,8000;-8,3889


39,2000;-8,3890


39,6000;-8,3891


40,0000;-8,3892


40,4000;-8,3895


40,8000;-8,3900


41,2000;-8,3898


41,6000;-8,3894


42,0000;-8,3892


42,4000;-8,3889


42,8000;-8,3887


43,2000;-8,3892


43,6000;-8,3886


44,0000;-8,3888


44,4000;-8,3902


44,8000;-8,3869


45,2000;-8,3907


45,6000;-8,3817


46,0000;-8,3849


46,4000;-8,3863


46,8000;-8,3871


47,2000;-8,3869


47,6000;-8,3865


48,0000;-8,3861


48,4000;-8,3865


48,8000;-8,3841


49,2000;-8,3865


49,6000;-8,3865


50,0000;-8,3857


50,4000;-8,3857


50,8000;-8,3887


51,2000;-8,3889


51,6000;-8,3867


52,0000;-8,3866


52,4000;-8,3866


52,8000;-8,3865


53,2000;-8,3867


53,6000;-8,3871


54,0000;-8,3871


54,4000;-8,3870


54,8000;-8,3870


55,2000;-8,3871


55,6000;-8,3860


56,0000;-8,3859


56,4000;-8,3858


56,8000;-8,3856


57,2000;-8,3852


57,6000;-8,3853


58,0000;-8,3853


58,4000;-8,3853


58,8000;-8,3846


59,2000;-8,3848


59,6000;-8,3845


60,0000;-8,3841


60,4000;-8,3839


60,8000;-8,3837


61,2000;-8,3839


61,6000;-8,3838


62,0000;-8,3835


62,4000;-8,3832


62,8000;-8,3832


63,2000;-8,3832


63,6000;-8,3833


64,0000;-8,3830


64,4000;-8,3829


64,8000;-8,3828


65,2000;-8,3827


65,6000;-8,3826


66,0000;-8,3823


66,4000;-8,3822


66,8000;-8,3817


67,2000;-8,3817


67,6000;-8,3811


68,0000;-8,3811


68,4000;-8,3798


68,8000;-8,3806


69,2000;-8,3807


69,6000;-8,3808


70,0000;-8,3805


70,4000;-8,3802


70,8000;-8,3802


71,2000;-8,3791


71,6000;-8,3795


72,0000;-8,3799


72,4000;-8,3807


72,8000;-8,3796


73,2000;-8,3792


73,6000;-8,3782


74,0000;-8,3783


74,4000;-8,3775


74,8000;-8,3780


75,2000;-8,3776


75,6000;-8,3776


76,0000;-8,3774


76,4000;-8,3779


76,8000;-8,3780


77,2000;-8,3778


77,6000;-8,3773


78,0000;-8,3771


78,4000;-8,3775


78,8000;-8,3776


79,2000;-8,3778


79,6000;-8,3773


80,0000;-8,3770


80,4000;-8,3767


80,8000;-8,3775


81,2000;-8,3716


81,6000;-8,3751


82,0000;-8,3750


82,4000;-8,3745


82,8000;-8,3744


83,2000;-8,3743


83,6000;-8,3732


84,0000;-8,3736


84,4000;-8,3734


84,8000;-8,3732


85,2000;-8,3717


85,6000;-8,3721


86,0000;-8,3719


86,4000;-8,3662


86,8000;-8,3712


87,2000;-8,3700


87,6000;-8,3695


88,0000;-8,3707


88,4000;-8,3705


88,8000;-8,3690


89,2000;-8,3705


89,6000;-8,3707


90,0000;-8,3704


90,4000;-8,3708


90,8000;-8,3702


91,2000;-8,3700


91,6000;-8,3705


92,0000;-8,3680


92,4000;-8,3698


92,8000;-8,3695


93,2000;-8,3697


93,6000;-8,3691


94,0000;-8,3671


94,4000;-8,3687


94,8000;-8,3684


95,2000;-8,3658


95,6000;-8,3675


96,0000;-8,3668


96,4000;-8,3653


96,8000;-8,3645


97,2000;-8,3651


97,6000;-8,3615


98,0000;-8,3659


98,4000;-8,3673


98,8000;-8,3642


99,2000;-8,3652


99,6000;-8,3657


100,0000;-8,3661


100,4000;-8,3629


100,8000;-8,3624


101,2000;-8,3647


101,6000;-8,3639


102,0000;-8,3659


102,4000;-8,3644


102,8000;-8,3636


103,2000;-8,3634


103,6000;-8,3604


104,0000;-8,3630


104,4000;-8,3598


104,8000;-8,3627


105,2000;-8,3551


105,6000;-8,3641


106,0000;-8,3607


106,4000;-8,3606


106,8000;-8,3560


107,2000;-8,3593


107,6000;-8,3598


108,0000;-8,3609


108,4000;-8,3599


108,8000;-8,3557


109,2000;-8,3592


109,6000;-8,3593


110,0000;-8,3573


110,4000;-8,3584


110,8000;-8,3580


111,2000;-8,3578


111,6000;-8,3571


112,0000;-8,3562


112,4000;-8,3574


112,8000;-8,3561


113,2000;-8,3594


113,6000;-8,3540


114,0000;-8,3526


114,4000;-8,3565


114,8000;-8,3496


115,2000;-8,3571


115,6000;-8,3533


116,0000;-8,3541


116,4000;-8,3560


116,8000;-8,3541


117,2000;-8,3455


117,6000;-8,3537


118,0000;-8,3523


118,4000;-8,3542


118,8000;-8,3502


119,2000;-8,3533


119,6000;-8,3503


120,0000;-8,3481


120,4000;-8,3517


120,8000;-8,3515


121,2000;-8,3504


121,6000;-8,3483


122,0000;-8,3460


122,4000;-8,3479


122,8000;-8,3469


123,2000;-8,3493


123,6000;-8,3466


124,0000;-8,3482


124,4000;-8,3438


124,8000;-8,3478


125,2000;-8,3404


125,6000;-8,3465


126,0000;-8,3423


126,4000;-8,3479


126,8000;-8,3442


127,2000;-8,3483


127,6000;-8,3439


128,0000;-8,3466


128,4000;-8,3466


128,8000;-8,3439


129,2000;-8,3459


129,6000;-8,3451


130,0000;-8,3415


130,4000;-8,3453


130,8000;-8,3452


131,2000;-8,3380


131,6000;-8,3464


132,0000;-8,3397


132,4000;-8,3466


132,8000;-8,3381


133,2000;-8,3436


133,6000;-8,3371


134,0000;-8,3434


134,4000;-8,3389


134,8000;-8,3433


135,2000;-8,3397


135,6000;-8,3423


136,0000;-8,3373


136,4000;-8,3413


136,8000;-8,3386


137,2000;-8,3389


137,6000;-8,3411


138,0000;-8,3392


138,4000;-8,3346


138,8000;-8,3436


139,2000;-8,3381


139,6000;-8,3424


140,0000;-8,3333


140,4000;-8,3409


140,8000;-8,3350


141,2000;-8,3389


141,6000;-8,3368


142,0000;-8,3403


142,4000;-8,3403


142,8000;-8,3333


143,2000;-8,3414


143,6000;-8,3369


144,0000;-8,3387


144,4000;-8,3299


144,8000;-8,3387


145,2000;-8,3314


145,6000;-8,3377


146,0000;-8,3308


146,4000;-8,3378


146,8000;-8,3299


147,2000;-8,3335


147,6000;-8,3314


148,0000;-8,3375


148,4000;-8,3288


148,8000;-8,3343


149,2000;-8,3265


149,6000;-8,3333


150,0000;-8,3262


150,4000;-8,3318


150,8000;-8,3283


151,2000;-8,3306


151,6000;-8,3271


152,0000;-8,3273


152,4000;-8,3321


152,8000;-8,3266


153,2000;-8,3337


153,6000;-8,3240


154,0000;-8,3322


154,4000;-8,3262


154,8000;-8,3300


155,2000;-8,3269


155,6000;-8,3266


156,0000;-8,3303


156,4000;-8,3273


156,8000;-8,3310


157,2000;-8,3225


157,6000;-8,3301


158,0000;-8,3220


158,4000;-8,3297


158,8000;-8,3232


159,2000;-8,3269


159,6000;-8,3198


160,0000;-8,3266


160,4000;-8,3237


160,8000;-8,3219


161,2000;-8,3274


161,6000;-8,3180


162,0000;-8,3240


162,4000;-8,3268


162,8000;-8,3185


163,2000;-8,3236


163,6000;-8,3184


164,0000;-8,3181


164,4000;-8,3249


164,8000;-8,3233


165,2000;-8,3273


165,6000;-8,3192


166,0000;-8,3219


166,4000;-8,3280


166,8000;-8,3218


167,2000;-8,3271


167,6000;-8,3196


168,0000;-8,3284


168,4000;-8,3152


168,8000;-8,3239


169,2000;-8,3210


169,6000;-8,3202


170,0000;-8,3169


170,4000;-8,3208


170,8000;-8,3236


171,2000;-8,3175


171,6000;-8,3226


172,0000;-8,3163


172,4000;-8,3201


172,8000;-8,3194


173,2000;-8,3191


173,6000;-8,3189


174,0000;-8,3149


174,4000;-8,3187


174,8000;-8,3107


175,2000;-8,3150


175,6000;-8,3173


176,0000;-8,3099


176,4000;-8,3157


176,8000;-8,3197


177,2000;-8,3107


177,6000;-8,3149


178,0000;-8,3162


178,4000;-8,3088


178,8000;-8,3147


179,2000;-8,3170


179,6000;-8,3075


180,0000;-8,3114


180,4000;-8,3151


180,8000;-8,3087


181,2000;-8,3100


181,6000;-8,3126


182,0000;-8,3164


182,4000;-8,3095


182,8000;-8,3102


183,2000;-8,3135


183,6000;-8,3096


184,0000;-8,3088


184,4000;-8,3113


184,8000;-8,3154


185,2000;-8,3059


185,6000;-8,3081


186,0000;-8,3142


186,4000;-8,3120


186,8000;-8,3025


187,2000;-8,3076


187,6000;-8,3111


188,0000;-8,3083


188,4000;-8,3032


188,8000;-8,3101


189,2000;-8,3090


189,6000;-8,3032


190,0000;-8,3061


190,4000;-8,3086


190,8000;-8,3046


191,2000;-8,3069


191,6000;-8,3103


192,0000;-8,3088


192,4000;-8,3074


192,8000;-8,3045


193,2000;-8,3090


193,6000;-8,3110


194,0000;-8,3040


194,4000;-8,3117


194,8000;-8,3061


195,2000;-8,3102


195,6000;-8,3055


196,0000;-8,3080


196,4000;-8,3098


196,8000;-8,3045


197,2000;-8,3111


197,6000;-8,3030


198,0000;-8,3079


198,4000;-8,3053


198,8000;-8,3095


199,2000;-8,2979


199,6000;-8,3083


200,0000;-8,3050


200,4000;-8,3034


200,8000;-8,3088


201,2000;-8,3011


201,6000;-8,3059


202,0000;-8,3033


202,4000;-8,2955


202,8000;-8,3003


203,2000;-8,3059


203,6000;-8,2996


204,0000;-8,3014


204,4000;-8,3061


204,8000;-8,2988


205,2000;-8,3035


205,6000;-8,2983


206,0000;-8,3004


206,4000;-8,3054


206,8000;-8,2998


207,2000;-8,3015


207,6000;-8,3028


208,0000;-8,2998


208,4000;-8,3019


208,8000;-8,2956


209,2000;-8,3034


209,6000;-8,2972


210,0000;-8,2990


210,4000;-8,2984


210,8000;-8,2978


211,2000;-8,3036


211,6000;-8,2951


212,0000;-8,3045


212,4000;-8,2956


212,8000;-8,3027


213,2000;-8,2962


213,6000;-8,3022


214,0000;-8,2923


214,4000;-8,3014


214,8000;-8,2931


215,2000;-8,2959


215,6000;-8,2975


216,0000;-8,2944


216,4000;-8,2988


216,8000;-8,2908


217,2000;-8,2970


217,6000;-8,2907


218,0000;-8,2960


218,4000;-8,2975


218,8000;-8,2931


219,2000;-8,2992


219,6000;-8,2885


220,0000;-8,2982


220,4000;-8,2898


220,8000;-8,2983


221,2000;-8,2886


221,6000;-8,2964


222,0000;-8,2947


222,4000;-8,2900


222,8000;-8,2973


223,2000;-8,2881


223,6000;-8,2892


224,0000;-8,2952


224,4000;-8,2898


224,8000;-8,2912


225,2000;-8,2939


225,6000;-8,2862


226,0000;-8,2920


226,4000;-8,2848


226,8000;-8,2922


227,2000;-8,2965


227,6000;-8,2849


228,0000;-8,2928


228,4000;-8,2889


228,8000;-8,2911


229,2000;-8,2953


229,6000;-8,2838


230,0000;-8,2894


230,4000;-8,2941


230,8000;-8,2879


231,2000;-8,2935


231,6000;-8,2858


232,0000;-8,2893


232,4000;-8,2911


232,8000;-8,2856


233,2000;-8,2916


233,6000;-8,2850


234,0000;-8,2896


234,4000;-8,2906


234,8000;-8,2843


235,2000;-8,2913


235,6000;-8,2890


236,0000;-8,2858


236,4000;-8,2890


236,8000;-8,2841


237,2000;-8,2891


237,6000;-8,2842


238,0000;-8,2870


238,4000;-8,2898


238,8000;-8,2804


239,2000;-8,2887


239,6000;-8,2828


240,0000;-8,2874


240,4000;-8,2887


240,8000;-8,2840


241,2000;-8,2903


241,6000;-8,2791


242,0000;-8,2846


242,4000;-8,2851


242,8000;-8,2810


243,2000;-8,2876


243,6000;-8,2793


244,0000;-8,2847


244,4000;-8,2871


244,8000;-8,2787


245,2000;-8,2863


245,6000;-8,2816


246,0000;-8,2817


246,4000;-8,2872


246,8000;-8,2768


247,2000;-8,2805


247,6000;-8,2866


248,0000;-8,2815


248,4000;-8,2809


248,8000;-8,2855


249,2000;-8,2838


249,6000;-8,2777


250,0000;-8,2857


250,4000;-8,2820


250,8000;-8,2814


251,2000;-8,2859


251,6000;-8,2776


252,0000;-8,2855


252,4000;-8,2747


252,8000;-8,2826


253,2000;-8,2793


253,6000;-8,2776


254,0000;-8,2841


254,4000;-8,2730


254,8000;-8,2802


255,2000;-8,2808


255,6000;-8,2785


256,0000;-8,2776


256,4000;-8,2730


256,8000;-8,2823


257,2000;-8,2713


257,6000;-8,2790


258,0000;-8,2754


258,4000;-8,2819


258,8000;-8,2783


259,2000;-8,2804


259,6000;-8,2779


260,0000;-8,2821


260,4000;-8,2807


260,8000;-8,2826


261,2000;-8,2809


261,6000;-8,2825


262,0000;-8,2777


262,4000;-8,2834


262,8000;-8,2822


263,2000;-8,2855


263,6000;-8,2785


264,0000;-8,2846


264,4000;-8,2815


264,8000;-8,2808


265,2000;-8,2812


265,6000;-8,2801


266,0000;-8,2813


266,4000;-8,2783


266,8000;-8,2818


267,2000;-8,2831


267,6000;-8,2781


268,0000;-8,2833


268,4000;-8,2818


268,8000;-8,2843


269,2000;-8,2766


269,6000;-8,2782


270,0000;-8,2836


270,4000;-8,2815


270,8000;-8,2791


271,2000;-8,2801


271,6000;-8,2796


272,0000;-8,2804


272,4000;-8,2703


272,8000;-8,2742


273,2000;-8,2802


273,6000;-8,2737


274,0000;-8,2773


274,4000;-8,2792


274,8000;-8,2746


275,2000;-8,2748


275,6000;-8,2800


276,0000;-8,2751


276,4000;-8,2761


276,8000;-8,2746


277,2000;-8,2763


277,6000;-8,2711


278,0000;-8,2749


278,4000;-8,2711


278,8000;-8,2774


279,2000;-8,2759


279,6000;-8,2754


280,0000;-8,2667


280,4000;-8,2728


280,8000;-8,2771


281,2000;-8,2677


281,6000;-8,2745


282,0000;-8,2753


282,4000;-8,2669


282,8000;-8,2742


283,2000;-8,2721


283,6000;-8,2717


284,0000;-8,2619


284,4000;-8,2716


284,8000;-8,2700


285,2000;-8,2729


285,6000;-8,2726


286,0000;-8,2690


286,4000;-8,2717


286,8000;-8,2665


287,2000;-8,2720


287,6000;-8,2717


288,0000;-8,2701


288,4000;-8,2702


288,8000;-8,2721


289,2000;-8,2657


289,6000;-8,2708


290,0000;-8,2636


290,4000;-8,2676


290,8000;-8,2680


291,2000;-8,2694


291,6000;-8,2641


292,0000;-8,2696


292,4000;-8,2690


292,8000;-8,2666


293,2000;-8,2694


293,6000;-8,2666


294,0000;-8,2692


294,4000;-8,2637


294,8000;-8,2674


295,2000;-8,2688


295,6000;-8,2640


296,0000;-8,2692


296,4000;-8,2660


296,8000;-8,2679


297,2000;-8,2682


297,6000;-8,2630


298,0000;-8,2684


298,4000;-8,2594


298,8000;-8,2641


299,2000;-8,2656


299,6000;-8,2593


300,0000;-8,2643


300,4000;-8,2666


300,8000;-8,2628


301,2000;-8,2612


301,6000;-8,2635


302,0000;-8,2582


302,4000;-8,2635


302,8000;-8,2595


303,2000;-8,2598


303,6000;-8,2629


304,0000;-8,2580


304,4000;-8,2616


304,8000;-8,2643


305,2000;-8,2625


305,6000;-8,2593


306,0000;-8,2619


306,4000;-8,2596


306,8000;-8,2606


307,2000;-8,2573


307,6000;-8,2567


308,0000;-8,2611


308,4000;-8,2526


308,8000;-8,2566


309,2000;-8,2612


309,6000;-8,2543


310,0000;-8,2589


310,4000;-8,2550


310,8000;-8,2587


311,2000;-8,2577


311,6000;-8,2514


312,0000;-8,2550


312,4000;-8,2525


312,8000;-8,2514


313,2000;-8,2563


313,6000;-8,2559


314,0000;-8,2532


314,4000;-8,2581


314,8000;-8,2567


315,2000;-8,2532


315,6000;-8,2542


316,0000;-8,2538


316,4000;-8,2496


316,8000;-8,2526


317,2000;-8,2570


317,6000;-8,2549


318,0000;-8,2485


318,4000;-8,2529


318,8000;-8,2557


319,2000;-8,2468


319,6000;-8,2468


320,0000;-8,2523


320,4000;-8,2492


320,8000;-8,2483


321,2000;-8,2481


321,6000;-8,2501


322,0000;-8,2470


322,4000;-8,2489


322,8000;-8,2526


323,2000;-8,2470


323,6000;-8,2476


324,0000;-8,2498


324,4000;-8,2446


324,8000;-8,2501


325,2000;-8,2450


325,6000;-8,2481


326,0000;-8,2441


326,4000;-8,2449


326,8000;-8,2495


327,2000;-8,2439


327,6000;-8,2439


328,0000;-8,2505


328,4000;-8,2418


328,8000;-8,2483


329,2000;-8,2417


329,6000;-8,2447


330,0000;-8,2468


330,4000;-8,2420


330,8000;-8,2404


331,2000;-8,2440


331,6000;-8,2470


332,0000;-8,2474


332,4000;-8,2397


332,8000;-8,2438


333,2000;-8,2478


333,6000;-8,2368


334,0000;-8,2425


334,4000;-8,2427


334,8000;-8,2362


335,2000;-8,2395


335,6000;-8,2417


336,0000;-8,2421


336,4000;-8,2420


336,8000;-8,2305


337,2000;-8,2365


337,6000;-8,2418


338,0000;-8,2359


338,4000;-8,2366


338,8000;-8,2402


339,2000;-8,2329


339,6000;-8,2329


340,0000;-8,2405


340,4000;-8,2406


340,8000;-8,2309


341,2000;-8,2350


341,6000;-8,2380


342,0000;-8,2374


342,4000;-8,2332


342,8000;-8,2364


343,2000;-8,2400


343,6000;-8,2314


344,0000;-8,2322


344,4000;-8,2355


344,8000;-8,2368


345,2000;-8,2350


345,6000;-8,2384


346,0000;-8,2275


346,4000;-8,2325


346,8000;-8,2360


347,2000;-8,2292


347,6000;-8,2310


348,0000;-8,2337


348,4000;-8,2352


348,8000;-8,2284


349,2000;-8,2282


349,6000;-8,2297


350,0000;-8,2325


350,4000;-8,2330


350,8000;-8,2358


351,2000;-8,2251


351,6000;-8,2332


352,0000;-8,2360


352,4000;-8,2256


352,8000;-8,2275


353,2000;-8,2324


353,6000;-8,2329


354,0000;-8,2299


354,4000;-8,2275


354,8000;-8,2260


355,2000;-8,2228


355,6000;-8,2278


356,0000;-8,2315


356,4000;-8,2271


356,8000;-8,2226


357,2000;-8,2217


357,6000;-8,2233


358,0000;-8,2273


358,4000;-8,2273


358,8000;-8,2193


359,2000;-8,2258


359,6000;-8,2283


360,0000;-8,2235


360,4000;-8,2253


360,8000;-8,2199


361,2000;-8,2210


361,6000;-8,2211


362,0000;-8,2224


362,4000;-8,2269


362,8000;-8,2277


363,2000;-8,2214


363,6000;-8,2173


364,0000;-8,2229


364,4000;-8,2268


364,8000;-8,2165


365,2000;-8,2213


365,6000;-8,2260


366,0000;-8,2214


366,4000;-8,2158


366,8000;-8,2190


367,2000;-8,2221


367,6000;-8,2222


368,0000;-8,2203


368,4000;-8,2153


368,8000;-8,2195


369,2000;-8,2216


369,6000;-8,2215


370,0000;-8,2230


370,4000;-8,2170


370,8000;-8,2133


371,2000;-8,2178


371,6000;-8,2234


372,0000;-8,2251


372,4000;-8,2142


372,8000;-8,2178


373,2000;-8,2208


373,6000;-8,2225


374,0000;-8,2158


374,4000;-8,2147


374,8000;-8,2113


375,2000;-8,2136


375,6000;-8,2165


376,0000;-8,2210


376,4000;-8,2129


376,8000;-8,2094


377,2000;-8,2152


377,6000;-8,2191


378,0000;-8,2142


378,4000;-8,2089


378,8000;-8,2140


379,2000;-8,2164


379,6000;-8,2158


380,0000;-8,2104


380,4000;-8,2064


380,8000;-8,2118


381,2000;-8,2130


381,6000;-8,2131


382,0000;-8,2097


382,4000;-8,2043


382,8000;-8,2054


383,2000;-8,2094


383,6000;-8,2113


384,0000;-8,2039


384,4000;-8,1994


384,8000;-8,2033


385,2000;-8,2015


385,6000;-8,1909


386,0000;-8,1913


386,4000;-8,1896


386,8000;-8,1914


387,2000;-8,1917


387,6000;-8,1871


388,0000;-8,1772


388,4000;-8,1773


388,8000;-8,1811


389,2000;-8,1783


389,6000;-8,1685


390,0000;-8,1680


390,4000;-8,1702


390,8000;-8,1652


391,2000;-8,1577


391,6000;-8,1606


392,0000;-8,1594


392,4000;-8,1557


392,8000;-8,1487


393,2000;-8,1476


393,6000;-8,1494


394,0000;-8,1412


394,4000;-8,1393


394,8000;-8,1396


395,2000;-8,1314


395,6000;-8,1251


396,0000;-8,1227


396,4000;-8,1251


396,8000;-8,1135


397,2000;-8,1126


397,6000;-8,1135


398,0000;-8,1100


398,4000;-8,0981


398,8000;-8,0969


399,2000;-8,0987


399,6000;-8,0966


400,0000;-8,0845


400,4000;-8,0841


400,8000;-8,0854


401,2000;-8,0744


401,6000;-8,0716


402,0000;-8,0736


402,4000;-8,0672


402,8000;-8,0603


403,2000;-8,0599


403,6000;-8,0597


404,0000;-8,0468


404,4000;-8,0412


404,8000;-8,0463


405,2000;-8,0360


405,6000;-8,0308


406,0000;-8,0336


406,4000;-8,0289


406,8000;-8,0259


407,2000;-8,0132


407,6000;-8,0147


408,0000;-8,0136


408,4000;-8,0022


408,8000;-7,9979


409,2000;-8,0008


409,6000;-8,0012


410,0000;-7,9893


410,4000;-7,9908


410,8000;-7,9863


411,2000;-7,9773


411,6000;-7,9763


412,0000;-7,9790


412,4000;-7,9750


412,8000;-7,9631


413,2000;-7,9610


413,6000;-7,9645


414,0000;-7,9615


414,4000;-7,9521


414,8000;-7,9483


415,2000;-7,9492


415,6000;-7,9476


416,0000;-7,9453


416,4000;-7,9358


416,8000;-7,9320


417,2000;-7,9319


417,6000;-7,9317


418,0000;-7,9256


418,4000;-7,9208


418,8000;-7,9171


419,2000;-7,9218


419,6000;-7,9219


420,0000;-7,9149


420,4000;-7,9055


420,8000;-7,9040


421,2000;-7,9083


421,6000;-7,9064


422,0000;-7,9036


422,4000;-7,8974


422,8000;-7,8903


423,2000;-7,8919


423,6000;-7,8941


424,0000;-7,8877


424,4000;-7,8804


424,8000;-7,8857


425,2000;-7,8851


425,6000;-7,8744


426,0000;-7,8783


426,4000;-7,8780


426,8000;-7,8766


427,2000;-7,8703


427,6000;-7,8631


428,0000;-7,8685


428,4000;-7,8672


428,8000;-7,8576


429,2000;-7,8636


429,6000;-7,8644


430,0000;-7,8563


430,4000;-7,8532


430,8000;-7,8587


431,2000;-7,8568


431,6000;-7,8478


432,0000;-7,8438


432,4000;-7,8485


432,8000;-7,8499


433,2000;-7,8389


433,6000;-7,8441


434,0000;-7,8454


434,4000;-7,8429


434,8000;-7,8331


435,2000;-7,8320


435,6000;-7,8362


436,0000;-7,8385


436,4000;-7,8345


436,8000;-7,8275


437,2000;-7,8271


437,6000;-7,8317


438,0000;-7,8310


438,4000;-7,8241


438,8000;-7,8190


439,2000;-7,8181


439,6000;-7,8197


440,0000;-7,8248


440,4000;-7,8220


440,8000;-7,8179


441,2000;-7,8115


441,6000;-7,8166


442,0000;-7,8185


442,4000;-7,8151


442,8000;-7,8118


443,2000;-7,8077


443,6000;-7,8109


444,0000;-7,8112


444,4000;-7,8069


444,8000;-7,8005


445,2000;-7,8062


445,6000;-7,8008


446,0000;-7,7999


446,4000;-7,8051


446,8000;-7,8023


447,2000;-7,7963


447,6000;-7,7968


448,0000;-7,7978


448,4000;-7,8004


448,8000;-7,7971


449,2000;-7,7896


449,6000;-7,7870


450,0000;-7,7904


450,4000;-7,7945


450,8000;-7,7912


451,2000;-7,7894


451,6000;-7,7816


452,0000;-7,7791


452,4000;-7,7834


452,8000;-7,7864


453,2000;-7,7848


453,6000;-7,7778


454,0000;-7,7742


454,4000;-7,7765


454,8000;-7,7812


455,2000;-7,7781


455,6000;-7,7708


456,0000;-7,7726


456,4000;-7,7751


456,8000;-7,7776


457,2000;-7,7705


457,6000;-7,7649


458,0000;-7,7651


458,4000;-7,7687


458,8000;-7,7701


459,2000;-7,7700


459,6000;-7,7630


460,0000;-7,7582


460,4000;-7,7616


460,8000;-7,7642


461,2000;-7,7650


461,6000;-7,7608


462,0000;-7,7522


462,4000;-7,7542


462,8000;-7,7563


463,2000;-7,7584


463,6000;-7,7570


464,0000;-7,7498


464,4000;-7,7490


464,8000;-7,7504


465,2000;-7,7548


465,6000;-7,7482


466,0000;-7,7448


466,4000;-7,7484


466,8000;-7,7520


467,2000;-7,7440


467,6000;-7,7404


468,0000;-7,7456


468,4000;-7,7464


468,8000;-7,7403


469,2000;-7,7350


469,6000;-7,7403


470,0000;-7,7422


470,4000;-7,7427


470,8000;-7,7357


471,2000;-7,7324


471,6000;-7,7370


472,0000;-7,7388


472,4000;-7,7324


472,8000;-7,7281


473,2000;-7,7300


473,6000;-7,7342


474,0000;-7,7363


474,4000;-7,7343


474,8000;-7,7262


475,2000;-7,7266


475,6000;-7,7299


476,0000;-7,7319


476,4000;-7,7270


476,8000;-7,7211


477,2000;-7,7187


477,6000;-7,7243


478,0000;-7,7264


478,4000;-7,7165


478,8000;-7,7159


479,2000;-7,7206


479,6000;-7,7235


480,0000;-7,7205


480,4000;-7,7126


480,8000;-7,7137


481,2000;-7,7215


481,6000;-7,7180


482,0000;-7,7084


482,4000;-7,7142


482,8000;-7,7179


483,2000;-7,7088


483,6000;-7,7120


484,0000;-7,7153


484,4000;-7,7067


484,8000;-7,7077


485,2000;-7,7134


485,6000;-7,7025


486,0000;-7,7072


486,4000;-7,7104


486,8000;-7,7008


487,2000;-7,7023


487,6000;-7,7079


488,0000;-7,7040


488,4000;-7,6982


488,8000;-7,7002


489,2000;-7,7034


489,6000;-7,7025


490,0000;-7,6955


490,4000;-7,6928


490,8000;-7,6964


491,2000;-7,7000


491,6000;-7,6978


492,0000;-7,6903


492,4000;-7,6898


492,8000;-7,6947


493,2000;-7,6972


493,6000;-7,6959


494,0000;-7,6872


494,4000;-7,6865


494,8000;-7,6883


495,2000;-7,6899


495,6000;-7,6930


496,0000;-7,6854


496,4000;-7,6816


496,8000;-7,6842


497,2000;-7,6874


497,6000;-7,6888


498,0000;-7,6866


498,4000;-7,6795


498,8000;-7,6772


499,2000;-7,6797


499,6000;-7,6827


500,0000;-7,6851


500,4000;-7,6836


500,8000;-7,6786


501,2000;-7,6731


501,6000;-7,6768


502,0000;-7,6803


502,4000;-7,6818


502,8000;-7,6741


503,2000;-7,6737


503,6000;-7,6768


504,0000;-7,6795


504,4000;-7,6757


504,8000;-7,6710


505,2000;-7,6678


505,6000;-7,6706


506,0000;-7,6737


506,4000;-7,6741


506,8000;-7,6684


507,2000;-7,6663


507,6000;-7,6695


508,0000;-7,6723


508,4000;-7,6701


508,8000;-7,6647


509,2000;-7,6619


509,6000;-7,6625


510,0000;-7,6656


510,4000;-7,6685


510,8000;-7,6687


511,2000;-7,6625


511,6000;-7,6589


512,0000;-7,6578


512,4000;-7,6598


512,8000;-7,6625


513,2000;-7,6660


513,6000;-7,6632


514,0000;-7,6588


514,4000;-7,6530


514,8000;-7,6541


515,2000;-7,6580


515,6000;-7,6607


516,0000;-7,6592


516,4000;-7,6551


516,8000;-7,6512


517,2000;-7,6498


517,6000;-7,6512


518,0000;-7,6533


518,4000;-7,6567


518,8000;-7,6560


519,2000;-7,6506


519,6000;-7,6451


520,0000;-7,6462


520,4000;-7,6478


520,8000;-7,6504


521,2000;-7,6527


521,6000;-7,6522


522,0000;-7,6502


522,4000;-7,6435


522,8000;-7,6412


523,2000;-7,6420


523,6000;-7,6435


524,0000;-7,6465


524,4000;-7,6490


524,8000;-7,6468


525,2000;-7,6418


525,6000;-7,6372


526,0000;-7,6381


526,4000;-7,6400


526,8000;-7,6388


527,2000;-7,6398


527,6000;-7,6409


528,0000;-7,6426


528,4000;-7,6404


528,8000;-7,6356


529,2000;-7,6333


529,6000;-7,6336


530,0000;-7,6360


530,4000;-7,6364


530,8000;-7,6382


531,2000;-7,6380


531,6000;-7,6361


532,0000;-7,6310


532,4000;-7,6265


532,8000;-7,6283


533,2000;-7,6310


533,6000;-7,6364


534,0000;-7,6329


534,4000;-7,6289


534,8000;-7,6252


535,2000;-7,6244


535,6000;-7,6243


536,0000;-7,6274


536,4000;-7,6286


536,8000;-7,6275


537,2000;-7,6284


537,6000;-7,6306


538,0000;-7,6295


538,4000;-7,6283


538,8000;-7,6250


539,2000;-7,6188


539,6000;-7,6197


540,0000;-7,6254


540,4000;-7,6286


540,8000;-7,6264


541,2000;-7,6209


541,6000;-7,6163


542,0000;-7,6182


542,4000;-7,6213


542,8000;-7,6258


543,2000;-7,6239


543,6000;-7,6214


544,0000;-7,6178


544,4000;-7,6130


544,8000;-7,6164


545,2000;-7,6198


545,6000;-7,6229


546,0000;-7,6222


546,4000;-7,6158


546,8000;-7,6144


547,2000;-7,6159


547,6000;-7,6180


548,0000;-7,6186


548,4000;-7,6166


548,8000;-7,6103


549,2000;-7,6087


549,6000;-7,6108


550,0000;-7,6164


550,4000;-7,6143


550,8000;-7,6117


551,2000;-7,6059


551,6000;-7,6056


552,0000;-7,6109


552,4000;-7,6137


552,8000;-7,6108


553,2000;-7,6048


553,6000;-7,6033


554,0000;-7,6084


554,4000;-7,6111


554,8000;-7,6128


555,2000;-7,6087


555,6000;-7,6006


556,0000;-7,6011


556,4000;-7,6011


556,8000;-7,6044


557,2000;-7,6089


557,6000;-7,6060


558,0000;-7,6007


558,4000;-7,5990


558,8000;-7,6039


559,2000;-7,6052


559,6000;-7,5977


560,0000;-7,5994


560,4000;-7,6060


560,8000;-7,5999


561,2000;-7,5956


561,6000;-7,5998


562,0000;-7,6036


562,4000;-7,5943


562,8000;-7,5981


563,2000;-7,6034


563,6000;-7,5924


564,0000;-7,5976


564,4000;-7,6017


564,8000;-7,5912


565,2000;-7,5998


565,6000;-7,5983


566,0000;-7,5910


566,4000;-7,5975


566,8000;-7,5917


567,2000;-7,5912


567,6000;-7,5992


568,0000;-7,5920


568,4000;-7,5874


568,8000;-7,5956


569,2000;-7,5955


569,6000;-7,5937


570,0000;-7,5886


570,4000;-7,5859


570,8000;-7,5899


571,2000;-7,5940


571,6000;-7,5920


572,0000;-7,5909


572,4000;-7,5843


572,8000;-7,5849


573,2000;-7,5905


573,6000;-7,5915


574,0000;-7,5819


574,4000;-7,5874


574,8000;-7,5917


575,2000;-7,5840


575,6000;-7,5805


576,0000;-7,5831


576,4000;-7,5864


576,8000;-7,5874


577,2000;-7,5787


577,6000;-7,5796


578,0000;-7,5858


578,4000;-7,5818


578,8000;-7,5755


579,2000;-7,5787


579,6000;-7,5838


580,0000;-7,5830


580,4000;-7,5744


580,8000;-7,5774


581,2000;-7,5822


581,6000;-7,5825


582,0000;-7,5746


582,4000;-7,5739


582,8000;-7,5797


583,2000;-7,5812


583,6000;-7,5741


584,0000;-7,5728


584,4000;-7,5764


584,8000;-7,5810


585,2000;-7,5737


585,6000;-7,5716


586,0000;-7,5768


586,4000;-7,5805


586,8000;-7,5713


587,2000;-7,5722


587,6000;-7,5791


588,0000;-7,5748


588,4000;-7,5686


588,8000;-7,5713


589,2000;-7,5765


589,6000;-7,5740


590,0000;-7,5669


590,4000;-7,5713


590,8000;-7,5763


591,2000;-7,5677


591,6000;-7,5678


592,0000;-7,5745


592,4000;-7,5730


592,8000;-7,5650


593,2000;-7,5679


593,6000;-7,5742


594,0000;-7,5652


594,4000;-7,5690


594,8000;-7,5724


595,2000;-7,5673


595,6000;-7,5635


596,0000;-7,5698


596,4000;-7,5716


596,8000;-7,5650


597,2000;-7,5600


597,6000;-7,5690


598,0000;-7,5679


598,4000;-7,5595


598,8000;-7,5642


599,2000;-7,5696


599,6000;-7,5590


600,0000;-7,5648


600,4000;-7,5689


600,8000;-7,5623


601,2000;-7,5594


601,6000;-7,5645


602,0000;-7,5662


602,4000;-7,5586


602,8000;-7,5575


603,2000;-7,5629


603,6000;-7,5652


604,0000;-7,5585


604,4000;-7,5540


604,8000;-7,5581


605,2000;-7,5612


605,6000;-7,5601


606,0000;-7,5546


606,4000;-7,5576


606,8000;-7,5627


607,2000;-7,5593


607,6000;-7,5521


608,0000;-7,5554


608,4000;-7,5618


608,8000;-7,5516


609,2000;-7,5529


609,6000;-7,5597


610,0000;-7,5571


610,4000;-7,5496


610,8000;-7,5539


611,2000;-7,5596


611,6000;-7,5545


612,0000;-7,5487


612,4000;-7,5542


612,8000;-7,5557


613,2000;-7,5474


613,6000;-7,5542


614,0000;-7,5574


614,4000;-7,5462


614,8000;-7,5515


615,2000;-7,5565


615,6000;-7,5477


616,0000;-7,5492


616,4000;-7,5549


616,8000;-7,5480


617,2000;-7,5480


617,6000;-7,5557


618,0000;-7,5444


618,4000;-7,5515


618,8000;-7,5541


619,2000;-7,5437


619,6000;-7,5503


620,0000;-7,5505


620,4000;-7,5435


620,8000;-7,5504


621,2000;-7,5467


621,6000;-7,5439


622,0000;-7,5521


622,4000;-7,5440


622,8000;-7,5448


623,2000;-7,5522


623,6000;-7,5404


624,0000;-7,5456


624,4000;-7,5507


624,8000;-7,5387


625,2000;-7,5443


625,6000;-7,5502


626,0000;-7,5402


626,4000;-7,5401


626,8000;-7,5459


627,2000;-7,5463


627,6000;-7,5395


628,0000;-7,5396


628,4000;-7,5437


628,8000;-7,5474


629,2000;-7,5432


629,6000;-7,5373


630,0000;-7,5357


630,4000;-7,5396


630,8000;-7,5439


631,2000;-7,5421


631,6000;-7,5333


632,0000;-7,5384


632,4000;-7,5431


632,8000;-7,5349


633,2000;-7,5375


633,6000;-7,5441


634,0000;-7,5338


634,4000;-7,5391


634,8000;-7,5421


635,2000;-7,5347


635,6000;-7,5411


636,0000;-7,5405


636,4000;-7,5331


636,8000;-7,5398


637,2000;-7,5375


637,6000;-7,5355


638,0000;-7,5408


638,4000;-7,5323


638,8000;-7,5403


639,2000;-7,5331


639,6000;-7,5367


640,0000;-7,5390


640,4000;-7,5338


640,8000;-7,5402


641,2000;-7,5295


641,6000;-7,5388


642,0000;-7,5330


642,4000;-7,5325


642,8000;-7,5394


643,2000;-7,5288


643,6000;-7,5378


644,0000;-7,5339


644,4000;-7,5319


644,8000;-7,5381


645,2000;-7,5294


645,6000;-7,5374


646,0000;-7,5309


646,4000;-7,5308


646,8000;-7,5373


647,2000;-7,5285


647,6000;-7,5369


648,0000;-7,5297


648,4000;-7,5349


648,8000;-7,5283


649,2000;-7,5302


649,6000;-7,5284


650,0000;-7,5301


650,4000;-7,5260


650,8000;-7,5321


651,2000;-7,5235


651,6000;-7,5340


652,0000;-7,5247


652,4000;-7,5304


652,8000;-7,5259


653,2000;-7,5305


653,6000;-7,5273


654,0000;-7,5243


654,4000;-7,5313


654,8000;-7,5219


655,2000;-7,5311


655,6000;-7,5210


656,0000;-7,5297


656,4000;-7,5197


656,8000;-7,5303


657,2000;-7,5218


657,6000;-7,5222


658,0000;-7,5294


658,4000;-7,5215


658,8000;-7,5189


659,2000;-7,5276


659,6000;-7,5172


660,0000;-7,5260


660,4000;-7,5221


660,8000;-7,5181


661,2000;-7,5241


661,6000;-7,5242


662,0000;-7,5168


662,4000;-7,5244


662,8000;-7,5248


663,2000;-7,5192


663,6000;-7,5141


664,0000;-7,5224


664,4000;-7,5252


664,8000;-7,5193


665,2000;-7,5129


665,6000;-7,5186


666,0000;-7,5240


666,4000;-7,5182


666,8000;-7,5121


667,2000;-7,5225


667,6000;-7,5193


668,0000;-7,5121


668,4000;-7,5198


668,8000;-7,5176


669,2000;-7,5116


669,6000;-7,5219


670,0000;-7,5171


670,4000;-7,5098


670,8000;-7,5205


671,2000;-7,5182


671,6000;-7,5098


672,0000;-7,5205


672,4000;-7,5132


672,8000;-7,5143


673,2000;-7,5172


673,6000;-7,5096


674,0000;-7,5205


674,4000;-7,5102


674,8000;-7,5180


675,2000;-7,5074


675,6000;-7,5171


676,0000;-7,5098


676,4000;-7,5177


676,8000;-7,5100


677,2000;-7,5169


677,6000;-7,5111


678,0000;-7,5132


678,4000;-7,5082


678,8000;-7,5123


679,2000;-7,5117


679,6000;-7,5083


680,0000;-7,5138


680,4000;-7,5066


680,8000;-7,5136


681,2000;-7,5069


681,6000;-7,5144


682,0000;-7,5059


682,4000;-7,5138


682,8000;-7,5091


683,2000;-7,5100


683,6000;-7,5122


684,0000;-7,5047


684,4000;-7,5112


684,8000;-7,5056


685,2000;-7,5098


685,6000;-7,5052


686,0000;-7,5082


686,4000;-7,5096


686,8000;-7,5036


687,2000;-7,5111


687,6000;-7,5032


688,0000;-7,5108


688,4000;-7,5007


688,8000;-7,5087


689,2000;-7,5035


689,6000;-7,5073


690,0000;-7,5046


690,4000;-7,5016


690,8000;-7,5096


691,2000;-7,4990


691,6000;-7,5061


692,0000;-7,5053


692,4000;-7,4998


692,8000;-7,5054


693,2000;-7,5059


693,6000;-7,4993


694,0000;-7,5051


694,4000;-7,5072


694,8000;-7,4983


695,2000;-7,5024


695,6000;-7,5056


696,0000;-7,4992


696,4000;-7,5003


696,8000;-7,5078


697,2000;-7,4998


697,6000;-7,5011


698,0000;-7,5056


698,4000;-7,4959


698,8000;-7,5034


699,2000;-7,4993


699,6000;-7,4988


700,0000;-7,5049


700,4000;-7,4947


700,8000;-7,4983


701,2000;-7,5040


701,6000;-7,4944


702,0000;-7,5012


702,4000;-7,5002


702,8000;-7,4964


703,2000;-7,5006


703,6000;-7,5002


704,0000;-7,4922


704,4000;-7,4986


704,8000;-7,5024


705,2000;-7,4921


705,6000;-7,4937


706,0000;-7,5000


706,4000;-7,4976


706,8000;-7,4903


707,2000;-7,4943


707,6000;-7,4962


708,0000;-7,4986


708,4000;-7,4908


708,8000;-7,4893


709,2000;-7,4939


709,6000;-7,4989


710,0000;-7,4921


710,4000;-7,4905


710,8000;-7,4910


711,2000;-7,4963


711,6000;-7,4958


712,0000;-7,4890


712,4000;-7,4907


712,8000;-7,4952


713,2000;-7,4972


713,6000;-7,4893


714,0000;-7,4883


714,4000;-7,4911


714,8000;-7,4961


715,2000;-7,4916


715,6000;-7,4849


716,0000;-7,4921


716,4000;-7,4953


716,8000;-7,4866


717,2000;-7,4863


717,6000;-7,4920


718,0000;-7,4938


718,4000;-7,4944


718,8000;-7,4850


719,2000;-7,4856


719,6000;-7,4925


720,0000;-7,4908


720,4000;-7,4837


720,8000;-7,4846


721,2000;-7,4920


721,6000;-7,4887


722,0000;-7,4824


722,4000;-7,4841


722,8000;-7,4888


723,2000;-7,4909


723,6000;-7,4817


724,0000;-7,4837


724,4000;-7,4904


724,8000;-7,4868


725,2000;-7,4811


725,6000;-7,4861


726,0000;-7,4897


726,4000;-7,4825


726,8000;-7,4836


727,2000;-7,4891


727,6000;-7,4814


728,0000;-7,4795


728,4000;-7,4856


728,8000;-7,4871


729,2000;-7,4789


729,6000;-7,4849


730,0000;-7,4876


730,4000;-7,4816


730,8000;-7,4779


731,2000;-7,4847


731,6000;-7,4848


732,0000;-7,4775


732,4000;-7,4769


732,8000;-7,4811


733,2000;-7,4830


733,6000;-7,4844


734,0000;-7,4834


734,4000;-7,4782


734,8000;-7,4766


735,2000;-7,4831


735,6000;-7,4744


736,0000;-7,4833


736,4000;-7,4733


736,8000;-7,4778


737,2000;-7,4830


737,6000;-7,4731


738,0000;-7,4775


738,4000;-7,4820


738,8000;-7,4712


739,2000;-7,4814


739,6000;-7,4761


740,0000;-7,4745


740,4000;-7,4808


740,8000;-7,4739


741,2000;-7,4788


741,6000;-7,4739


742,0000;-7,4809


742,4000;-7,4694


742,8000;-7,4800


743,2000;-7,4753


743,6000;-7,4727


744,0000;-7,4799


744,4000;-7,4697


744,8000;-7,4773


745,2000;-7,4727


745,6000;-7,4738


746,0000;-7,4773


746,4000;-7,4694


746,8000;-7,4762


747,2000;-7,4761


747,6000;-7,4702


748,0000;-7,4773


748,4000;-7,4691


748,8000;-7,4742


749,2000;-7,4717


749,6000;-7,4684


750,0000;-7,4778


750,4000;-7,4676


750,8000;-7,4698


751,2000;-7,4751


751,6000;-7,4695


752,0000;-7,4677


752,4000;-7,4736


752,8000;-7,4674


753,2000;-7,4647


753,6000;-7,4716


754,0000;-7,4741


754,4000;-7,4660


754,8000;-7,4664


755,2000;-7,4722


755,6000;-7,4653


756,0000;-7,4636


756,4000;-7,4718


756,8000;-7,4672


757,2000;-7,4620


757,6000;-7,4714


758,0000;-7,4713


758,4000;-7,4627


758,8000;-7,4643


759,2000;-7,4699


759,6000;-7,4693


760,0000;-7,4608


760,4000;-7,4685


760,8000;-7,4659


761,2000;-7,4645


761,6000;-7,4627


762,0000;-7,4699


762,4000;-7,4689


762,8000;-7,4705


763,2000;-7,4726


763,6000;-7,4694


764,0000;-7,4728


764,4000;-7,4765


764,8000;-7,4775


765,2000;-7,4730


765,6000;-7,4756


766,0000;-7,4699


766,4000;-7,4746


766,8000;-7,4732


767,2000;-7,4683


767,6000;-7,4734


768,0000;-7,4733


768,4000;-7,4679


768,8000;-7,4695


769,2000;-7,4729


769,6000;-7,4752


770,0000;-7,4756


770,4000;-7,4740


770,8000;-7,4745


771,2000;-7,4709


771,6000;-7,4712


772,0000;-7,4648


772,4000;-7,4669


772,8000;-7,4663


773,2000;-7,4638


773,6000;-7,4667


774,0000;-7,4671


774,4000;-7,4693


774,8000;-7,4686


775,2000;-7,4659


775,6000;-7,4686


776,0000;-7,4671


776,4000;-7,4684


776,8000;-7,4680


777,2000;-7,4677


777,6000;-7,4678


778,0000;-7,4673


778,4000;-7,4630


778,8000;-7,4615


779,2000;-7,4657


779,6000;-7,4655


780,0000;-7,4675


780,4000;-7,4677


780,8000;-7,4670


781,2000;-7,4670


781,6000;-7,4701


782,0000;-7,4678


782,4000;-7,4673


782,8000;-7,4665


783,2000;-7,4667


783,6000;-7,4645


784,0000;-7,4622


784,4000;-7,4586


784,8000;-7,4579


785,2000;-7,4612


785,6000;-7,4662


786,0000;-7,4663


786,4000;-7,4620


786,8000;-7,4572


787,2000;-7,4580


787,6000;-7,4588


788,0000;-7,4591


788,4000;-7,4597


788,8000;-7,4566


789,2000;-7,4615


789,6000;-7,4646


790,0000;-7,4631


790,4000;-7,4630


790,8000;-7,4621


791,2000;-7,4580


791,6000;-7,4587


792,0000;-7,4619


792,4000;-7,4612


792,8000;-7,4573


793,2000;-7,4568


793,6000;-7,4610


794,0000;-7,4602


794,4000;-7,4609


794,8000;-7,4609


795,2000;-7,4565


795,6000;-7,4544


796,0000;-7,4585


796,4000;-7,4605


796,8000;-7,4593


797,2000;-7,4577


797,6000;-7,4546


798,0000;-7,4540


798,4000;-7,4569


798,8000;-7,4597


799,2000;-7,4593


799,6000;-7,4584


800,0000;-7,4539


800,4000;-7,4566


800,8000;-7,4594


801,2000;-7,4618


801,6000;-7,4602


802,0000;-7,4608


802,4000;-7,4601


802,8000;-7,4606


803,2000;-7,4603


803,6000;-7,4602


804,0000;-7,4599


804,4000;-7,4604


804,8000;-7,4611


805,2000;-7,4617


805,6000;-7,4622


806,0000;-7,4626


806,4000;-7,4630


806,8000;-7,4632


807,2000;-7,4634


807,6000;-7,4636


808,0000;-7,4637


808,4000;-7,4638


808,8000;-7,4634


809,2000;-7,4638


809,6000;-7,4636


810,0000;-7,4634


810,4000;-7,4631


810,8000;-7,4629


811,2000;-7,4628


811,6000;-7,4626


812,0000;-7,4624


812,4000;-7,4622


812,8000;-7,4621


813,2000;-7,4619


813,6000;-7,4618


814,0000;-7,4616


814,4000;-7,4615


814,8000;-7,4613


815,2000;-7,4612


815,6000;-7,4611


816,0000;-7,4609


816,4000;-7,4608


816,8000;-7,4607


817,2000;-7,4606


817,6000;-7,4605


818,0000;-7,4604


818,4000;-7,4603


818,8000;-7,4602


819,2000;-7,4601


819,6000;-7,4600


820,0000;-7,4599


820,4000;-7,4598


820,8000;-7,4597


821,2000;-7,4597


821,6000;-7,4595


822,0000;-7,4593


822,4000;-7,4594


822,8000;-7,4593


823,2000;-7,4592


823,6000;-7,4591


824,0000;-7,4590


824,4000;-7,4589


824,8000;-7,4588


825,2000;-7,4588


825,6000;-7,4587


826,0000;-7,4586


826,4000;-7,4585


826,8000;-7,4584


827,2000;-7,4583


827,6000;-7,4582


828,0000;-7,4581


828,4000;-7,4581


828,8000;-7,4580


829,2000;-7,4579


829,6000;-7,4578


830,0000;-7,4577


830,4000;-7,4576


830,8000;-7,4576


831,2000;-7,4574


831,6000;-7,4574


832,0000;-7,4572


832,4000;-7,4571


832,8000;-7,4571


833,2000;-7,4570


833,6000;-7,4569


834,0000;-7,4568


834,4000;-7,4567


834,8000;-7,4566


835,2000;-7,4565


835,6000;-7,4564


836,0000;-7,4563


836,4000;-7,4563


836,8000;-7,4562


837,2000;-7,4561


837,6000;-7,4560


838,0000;-7,4559


838,4000;-7,4556


838,8000;-7,4561


839,2000;-7,4559


839,6000;-7,4555


840,0000;-7,4559


840,4000;-7,4554


840,8000;-7,4547


841,2000;-7,4537


841,6000;-7,4528


842,0000;-7,4519


842,4000;-7,4511


842,8000;-7,4504


843,2000;-7,4497


843,6000;-7,4492


844,0000;-7,4486


844,4000;-7,4481


844,8000;-7,4477


845,2000;-7,4472


845,6000;-7,4469


846,0000;-7,4466


846,4000;-7,4463


846,8000;-7,4460


847,2000;-7,4457


847,6000;-7,4455


848,0000;-7,4453


848,4000;-7,4451


848,8000;-7,4449


849,2000;-7,4447


849,6000;-7,4445


850,0000;-7,4444


850,4000;-7,4443


850,8000;-7,4441


851,2000;-7,4440


851,6000;-7,4439


852,0000;-7,4437


852,4000;-7,4436


852,8000;-7,4435


853,2000;-7,4434


853,6000;-7,4433


854,0000;-7,4432


854,4000;-7,4431


854,8000;-7,4430


855,2000;-7,4429


855,6000;-7,4428


856,0000;-7,4427


856,4000;-7,4426


856,8000;-7,4426


857,2000;-7,4425


857,6000;-7,4424


858,0000;-7,4423


858,4000;-7,4423


858,8000;-7,4422


859,2000;-7,4422


859,6000;-7,4422


860,0000;-7,4421


860,4000;-7,4421


860,8000;-7,4421


861,2000;-7,4420


861,6000;-7,4420


862,0000;-7,4420


862,4000;-7,4419


862,8000;-7,4418


863,2000;-7,4418


863,6000;-7,4418


864,0000;-7,4417


864,4000;-7,4416


864,8000;-7,4416


865,2000;-7,4416


865,6000;-7,4415


866,0000;-7,4415


866,4000;-7,4414


866,8000;-7,4414


867,2000;-7,4413


867,6000;-7,4413


868,0000;-7,4412


868,4000;-7,4412


868,8000;-7,4411


869,2000;-7,4410


869,6000;-7,4410


870,0000;-7,4409


870,4000;-7,4409


870,8000;-7,4408


871,2000;-7,4408


871,6000;-7,4407


872,0000;-7,4406


872,4000;-7,4406


872,8000;-7,4405


873,2000;-7,4404


873,6000;-7,4403


874,0000;-7,4403


874,4000;-7,4402


874,8000;-7,4402


875,2000;-7,4401


875,6000;-7,4400


876,0000;-7,4400


876,4000;-7,4399


876,8000;-7,4399


877,2000;-7,4399


877,6000;-7,4398


878,0000;-7,4397


878,4000;-7,4397


878,8000;-7,4396


879,2000;-7,4395


879,6000;-7,4395


880,0000;-7,4394


880,4000;-7,4393


880,8000;-7,4393


881,2000;-7,4392


881,6000;-7,4391


882,0000;-7,4391


882,4000;-7,4390


882,8000;-7,4390


883,2000;-7,4389


883,6000;-7,4388


884,0000;-7,4388


884,4000;-7,4387


884,8000;-7,4386


885,2000;-7,4386


885,6000;-7,4385


886,0000;-7,4385


886,4000;-7,4384


886,8000;-7,4383


887,2000;-7,4383


887,6000;-7,4382


888,0000;-7,4381


888,4000;-7,4381


888,8000;-7,4380


889,2000;-7,4380


889,6000;-7,4379


890,0000;-7,4379


890,4000;-7,4378


890,8000;-7,4377


891,2000;-7,4376


891,6000;-7,4376


892,0000;-7,4375


892,4000;-7,4375


892,8000;-7,4374


893,2000;-7,4374


893,6000;-7,4373


894,0000;-7,4372


894,4000;-7,4372


894,8000;-7,4371


895,2000;-7,4371


895,6000;-7,4370


896,0000;-7,4370


896,4000;-7,4369


896,8000;-7,4368


897,2000;-7,4368


897,6000;-7,4367


898,0000;-7,4366


898,4000;-7,4366


898,8000;-7,4365


899,2000;-7,4365


899,6000;-7,4364


900,0000;-7,4364


900,4000;-7,4363


900,8000;-7,4362


901,2000;-7,4362


901,6000;-7,4362


902,0000;-7,4361


902,4000;-7,4360


902,8000;-7,4359


903,2000;-7,4359


903,6000;-7,4358


904,0000;-7,4358


904,4000;-7,4358


904,8000;-7,4357


905,2000;-7,4356


905,6000;-7,4356


906,0000;-7,4355


906,4000;-7,4354


906,8000;-7,4354


907,2000;-7,4353


907,6000;-7,4353


908,0000;-7,4352


908,4000;-7,4352


908,8000;-7,4351


909,2000;-7,4351


909,6000;-7,4350


910,0000;-7,4350


910,4000;-7,4349


910,8000;-7,4349


911,2000;-7,4348


911,6000;-7,4348


912,0000;-7,4347


912,4000;-7,4347


912,8000;-7,4346


913,2000;-7,4346


913,6000;-7,4345


914,0000;-7,4345


914,4000;-7,4345


914,8000;-7,4344


915,2000;-7,4344


915,6000;-7,4343


916,0000;-7,4342


916,4000;-7,4342


916,8000;-7,4341


917,2000;-7,4341


917,6000;-7,4340


918,0000;-7,4339


918,4000;-7,4339


918,8000;-7,4338


919,2000;-7,4337


919,6000;-7,4337


920,0000;-7,4336


920,4000;-7,4336


920,8000;-7,4335


921,2000;-7,4335


921,6000;-7,4334


922,0000;-7,4334


922,4000;-7,4333


922,8000;-7,4332


923,2000;-7,4332


923,6000;-7,4331


924,0000;-7,4330


924,4000;-7,4330


924,8000;-7,4329


925,2000;-7,4329


925,6000;-7,4328


926,0000;-7,4328


926,4000;-7,4327


926,8000;-7,4327


927,2000;-7,4326


927,6000;-7,4325


928,0000;-7,4325


928,4000;-7,4324


928,8000;-7,4324


929,2000;-7,4323


929,6000;-7,4323


930,0000;-7,4322


930,4000;-7,4321


930,8000;-7,4321


931,2000;-7,4320


931,6000;-7,4320


932,0000;-7,4319


932,4000;-7,4319


932,8000;-7,4318


933,2000;-7,4317


933,6000;-7,4317


934,0000;-7,4316


934,4000;-7,4315


934,8000;-7,4315


935,2000;-7,4314


935,6000;-7,4313


936,0000;-7,4313


936,4000;-7,4312


936,8000;-7,4312


937,2000;-7,4312


937,6000;-7,4311


938,0000;-7,4311


938,4000;-7,4310


938,8000;-7,4309


939,2000;-7,4309


939,6000;-7,4308


940,0000;-7,4308


940,4000;-7,4307


940,8000;-7,4307


941,2000;-7,4306


941,6000;-7,4305


942,0000;-7,4305


942,4000;-7,4304


942,8000;-7,4303


943,2000;-7,4303


943,6000;-7,4302


944,0000;-7,4301


944,4000;-7,4301


944,8000;-7,4300


945,2000;-7,4300


945,6000;-7,4299


946,0000;-7,4298


946,4000;-7,4298


946,8000;-7,4297


947,2000;-7,4297


947,6000;-7,4296


948,0000;-7,4295


948,4000;-7,4295


948,8000;-7,4294


949,2000;-7,4293


949,6000;-7,4293


950,0000;-7,4292


950,4000;-7,4292


950,8000;-7,4291


951,2000;-7,4290


951,6000;-7,4289


952,0000;-7,4289


952,4000;-7,4289


952,8000;-7,4288


953,2000;-7,4287


953,6000;-7,4286


954,0000;-7,4286


