0	-8,4502				
0,4	-8,4452			2097,5	
0,8	-8,4407				
1,2	-8,4365				
1,6	-8,4327				
2	-8,4291				
2,4	-8,4256				
2,8	-8,4225				
3,2	-8,4196				
3,6	-8,417				
4	-8,4147				
4,4	-8,4125				
4,8	-8,4106				
5,2	-8,4088				
5,6	-8,4072				
6	-8,4057				
6,4	-8,4044				
6,8	-8,4031				
7,2	-8,4019				
7,6	-8,4008			0,000169666	-7,589599208
8	-8,3998			3,02645E-06	0,002714196
8,4	-8,3989				
8,8	-8,3981		y1=	-8,2173	
9,2	-8,3974		y2=	-7,527908767	
9,6	-8,3967		погр=	0,001513224	
10	-8,3962		делт	0,689391233	
10,4	-8,3956				
10,8	-8,3951				
11,2	-8,3946				
11,6	-8,3941				
12	-8,3936				
12,4	-8,3932				
12,8	-8,3928				
13,2	-8,3924				
13,6	-8,3921				
14	-8,3918				
14,4	-8,3915				
14,8	-8,3913				
15,2	-8,391				
15,6	-8,3908				
16	-8,3906				
16,4	-8,3903				
16,8	-8,3901				
17,2	-8,3899				
17,6	-8,3898				
18	-8,3896				
18,4	-8,3894				
18,8	-8,3892				
19,2	-8,3891				
19,6	-8,3889				
20	-8,3888				
20,4	-8,3887				
20,8	-8,3885				
21,2	-8,3884				
21,6	-8,3883				
22	-8,3882				
22,4	-8,3881				
22,8	-8,388				
23,2	-8,3879				
23,6	-8,3878				
24	-8,3877				
24,4	-8,3876				
24,8	-8,3875				
25,2	-8,3874				
25,6	-8,3873				
26	-8,3872				
26,4	-8,3871				
26,8	-8,387				
27,2	-8,3869				
27,6	-8,3869				
28	-8,3868				
28,4	-8,3868				
28,8	-8,3867				
29,2	-8,3866				
29,6	-8,3865				
30	-8,3864				
30,4	-8,3864				
30,8	-8,3863				
31,2	-8,3862				
31,6	-8,3862				
32	-8,3861				
32,4	-8,3861				
32,8	-8,386				
33,2	-8,386				
33,6	-8,3859				
34	-8,3859				
34,4	-8,3859				
34,8	-8,3862				
35,2	-8,3864				
35,6	-8,387				
36	-8,3873				
36,4	-8,3875				
36,8	-8,3878				
37,2	-8,388				
37,6	-8,3884				
38	-8,3884				
38,4	-8,3886				
38,8	-8,3889				
39,2	-8,389				
39,6	-8,3891				
40	-8,3892				
40,4	-8,3895				
40,8	-8,39				
41,2	-8,3898				
41,6	-8,3894				
42	-8,3892				
42,4	-8,3889				
42,8	-8,3887				
43,2	-8,3892				
43,6	-8,3886				
44	-8,3888				
44,4	-8,3902				
44,8	-8,3869				
45,2	-8,3907				
45,6	-8,3817				
46	-8,3849				
46,4	-8,3863				
46,8	-8,3871				
47,2	-8,3869				
47,6	-8,3865				
48	-8,3861				
48,4	-8,3865				
48,8	-8,3841				
49,2	-8,3865				
49,6	-8,3865				
50	-8,3857				
50,4	-8,3857				
50,8	-8,3887				
51,2	-8,3889				
51,6	-8,3867				
52	-8,3866				
52,4	-8,3866				
52,8	-8,3865				
53,2	-8,3867				
53,6	-8,3871				
54	-8,3871				
54,4	-8,387				
54,8	-8,387				
55,2	-8,3871				
55,6	-8,386				
56	-8,3859				
56,4	-8,3858				
56,8	-8,3856				
57,2	-8,3852				
57,6	-8,3853				
58	-8,3853				
58,4	-8,3853				
58,8	-8,3846				
59,2	-8,3848				
59,6	-8,3845				
60	-8,3841				
60,4	-8,3839				
60,8	-8,3837				
61,2	-8,3839				
61,6	-8,3838				
62	-8,3835				
62,4	-8,3832				
62,8	-8,3832				
63,2	-8,3832				
63,6	-8,3833				
64	-8,383				
64,4	-8,3829				
64,8	-8,3828				
65,2	-8,3827				
65,6	-8,3826				
66	-8,3823				
66,4	-8,3822				
66,8	-8,3817				
67,2	-8,3817				
67,6	-8,3811				
68	-8,3811				
68,4	-8,3798				
68,8	-8,3806				
69,2	-8,3807				
69,6	-8,3808				
70	-8,3805				
70,4	-8,3802				
70,8	-8,3802				
71,2	-8,3791				
71,6	-8,3795				
72	-8,3799				
72,4	-8,3807				
72,8	-8,3796				
73,2	-8,3792				
73,6	-8,3782				
74	-8,3783				
74,4	-8,3775				
74,8	-8,378				
75,2	-8,3776				
75,6	-8,3776				
76	-8,3774				
76,4	-8,3779				
76,8	-8,378				
77,2	-8,3778				
77,6	-8,3773				
78	-8,3771				
78,4	-8,3775				
78,8	-8,3776				
79,2	-8,3778				
79,6	-8,3773				
80	-8,377				
80,4	-8,3767				
80,8	-8,3775				
81,2	-8,3716				
81,6	-8,3751				
82	-8,375				
82,4	-8,3745				
82,8	-8,3744				
83,2	-8,3743				
83,6	-8,3732				
84	-8,3736				
84,4	-8,3734				
84,8	-8,3732				
85,2	-8,3717				
85,6	-8,3721				
86	-8,3719				
86,4	-8,3662				
86,8	-8,3712				
87,2	-8,37				
87,6	-8,3695				
88	-8,3707				
88,4	-8,3705				
88,8	-8,369				
89,2	-8,3705				
89,6	-8,3707				
90	-8,3704				
90,4	-8,3708				
90,8	-8,3702				
91,2	-8,37				
91,6	-8,3705				
92	-8,368				
92,4	-8,3698				
92,8	-8,3695				
93,2	-8,3697				
93,6	-8,3691				
94	-8,3671				
94,4	-8,3687				
94,8	-8,3684				
95,2	-8,3658				
95,6	-8,3675				
96	-8,3668				
96,4	-8,3653				
96,8	-8,3645				
97,2	-8,3651				
97,6	-8,3615				
98	-8,3659				
98,4	-8,3673				
98,8	-8,3642				
99,2	-8,3652				
99,6	-8,3657				
100	-8,3661				
100,4	-8,3629				
100,8	-8,3624				
101,2	-8,3647				
101,6	-8,3639				
102	-8,3659				
102,4	-8,3644				
102,8	-8,3636				
103,2	-8,3634				
103,6	-8,3604				
104	-8,363				
104,4	-8,3598				
104,8	-8,3627				
105,2	-8,3551				
105,6	-8,3641				
106	-8,3607				
106,4	-8,3606				
106,8	-8,356				
107,2	-8,3593				
107,6	-8,3598				
108	-8,3609				
108,4	-8,3599				
108,8	-8,3557				
109,2	-8,3592				
109,6	-8,3593				
110	-8,3573				
110,4	-8,3584				
110,8	-8,358				
111,2	-8,3578				
111,6	-8,3571				
112	-8,3562				
112,4	-8,3574				
112,8	-8,3561				
113,2	-8,3594				
113,6	-8,354				
114	-8,3526				
114,4	-8,3565				
114,8	-8,3496				
115,2	-8,3571				
115,6	-8,3533				
116	-8,3541				
116,4	-8,356				
116,8	-8,3541				
117,2	-8,3455				
117,6	-8,3537				
118	-8,3523				
118,4	-8,3542				
118,8	-8,3502				
119,2	-8,3533				
119,6	-8,3503				
120	-8,3481				
120,4	-8,3517				
120,8	-8,3515				
121,2	-8,3504				
121,6	-8,3483				
122	-8,346				
122,4	-8,3479				
122,8	-8,3469				
123,2	-8,3493				
123,6	-8,3466				
124	-8,3482				
124,4	-8,3438				
124,8	-8,3478				
125,2	-8,3404				
125,6	-8,3465				
126	-8,3423				
126,4	-8,3479				
126,8	-8,3442				
127,2	-8,3483				
127,6	-8,3439				
128	-8,3466				
128,4	-8,3466				
128,8	-8,3439				
129,2	-8,3459				
129,6	-8,3451				
130	-8,3415				
130,4	-8,3453				
130,8	-8,3452				
131,2	-8,338				
131,6	-8,3464				
132	-8,3397				
132,4	-8,3466				
132,8	-8,3381				
133,2	-8,3436				
133,6	-8,3371				
134	-8,3434				
134,4	-8,3389				
134,8	-8,3433				
135,2	-8,3397				
135,6	-8,3423				
136	-8,3373				
136,4	-8,3413				
136,8	-8,3386				
137,2	-8,3389				
137,6	-8,3411				
138	-8,3392				
138,4	-8,3346				
138,8	-8,3436				
139,2	-8,3381				
139,6	-8,3424				
140	-8,3333				
140,4	-8,3409				
140,8	-8,335				
141,2	-8,3389				
141,6	-8,3368				
142	-8,3403				
142,4	-8,3403				
142,8	-8,3333				
143,2	-8,3414				
143,6	-8,3369				
144	-8,3387				
144,4	-8,3299				
144,8	-8,3387				
145,2	-8,3314				
145,6	-8,3377				
146	-8,3308				
146,4	-8,3378				
146,8	-8,3299				
147,2	-8,3335				
147,6	-8,3314				
148	-8,3375				
148,4	-8,3288				
148,8	-8,3343				
149,2	-8,3265				
149,6	-8,3333				
150	-8,3262				
150,4	-8,3318				
150,8	-8,3283				
151,2	-8,3306				
151,6	-8,3271				
152	-8,3273				
152,4	-8,3321				
152,8	-8,3266				
153,2	-8,3337				
153,6	-8,324				
154	-8,3322				
154,4	-8,3262				
154,8	-8,33				
155,2	-8,3269				
155,6	-8,3266				
156	-8,3303				
156,4	-8,3273				
156,8	-8,331				
157,2	-8,3225				
157,6	-8,3301				
158	-8,322				
158,4	-8,3297				
158,8	-8,3232				
159,2	-8,3269				
159,6	-8,3198				
160	-8,3266				
160,4	-8,3237				
160,8	-8,3219				
161,2	-8,3274				
161,6	-8,318				
162	-8,324				
162,4	-8,3268				
162,8	-8,3185				
163,2	-8,3236				
163,6	-8,3184				
164	-8,3181				
164,4	-8,3249				
164,8	-8,3233				
165,2	-8,3273				
165,6	-8,3192				
166	-8,3219				
166,4	-8,328				
166,8	-8,3218				
167,2	-8,3271				
167,6	-8,3196				
168	-8,3284				
168,4	-8,3152				
168,8	-8,3239				
169,2	-8,321				
169,6	-8,3202				
170	-8,3169				
170,4	-8,3208				
170,8	-8,3236				
171,2	-8,3175				
171,6	-8,3226				
172	-8,3163				
172,4	-8,3201				
172,8	-8,3194				
173,2	-8,3191				
173,6	-8,3189				
174	-8,3149				
174,4	-8,3187				
174,8	-8,3107				
175,2	-8,315				
175,6	-8,3173				
176	-8,3099				
176,4	-8,3157				
176,8	-8,3197				
177,2	-8,3107				
177,6	-8,3149				
178	-8,3162				
178,4	-8,3088				
178,8	-8,3147				
179,2	-8,317				
179,6	-8,3075				
180	-8,3114				
180,4	-8,3151				
180,8	-8,3087				
181,2	-8,31				
181,6	-8,3126				
182	-8,3164				
182,4	-8,3095				
182,8	-8,3102				
183,2	-8,3135				
183,6	-8,3096				
184	-8,3088				
184,4	-8,3113				
184,8	-8,3154				
185,2	-8,3059				
185,6	-8,3081				
186	-8,3142				
186,4	-8,312				
186,8	-8,3025				
187,2	-8,3076				
187,6	-8,3111				
188	-8,3083				
188,4	-8,3032				
188,8	-8,3101				
189,2	-8,309				
189,6	-8,3032				
190	-8,3061				
190,4	-8,3086				
190,8	-8,3046				
191,2	-8,3069				
191,6	-8,3103				
192	-8,3088				
192,4	-8,3074				
192,8	-8,3045				
193,2	-8,309				
193,6	-8,311				
194	-8,304				
194,4	-8,3117				
194,8	-8,3061				
195,2	-8,3102				
195,6	-8,3055				
196	-8,308				
196,4	-8,3098				
196,8	-8,3045				
197,2	-8,3111				
197,6	-8,303				
198	-8,3079				
198,4	-8,3053				
198,8	-8,3095				
199,2	-8,2979				
199,6	-8,3083				
200	-8,305				
200,4	-8,3034				
200,8	-8,3088				
201,2	-8,3011				
201,6	-8,3059				
202	-8,3033				
202,4	-8,2955				
202,8	-8,3003				
203,2	-8,3059				
203,6	-8,2996				
204	-8,3014				
204,4	-8,3061				
204,8	-8,2988				
205,2	-8,3035				
205,6	-8,2983				
206	-8,3004				
206,4	-8,3054				
206,8	-8,2998				
207,2	-8,3015				
207,6	-8,3028				
208	-8,2998				
208,4	-8,3019				
208,8	-8,2956				
209,2	-8,3034				
209,6	-8,2972				
210	-8,299				
210,4	-8,2984				
210,8	-8,2978				
211,2	-8,3036				
211,6	-8,2951				
212	-8,3045				
212,4	-8,2956				
212,8	-8,3027				
213,2	-8,2962				
213,6	-8,3022				
214	-8,2923				
214,4	-8,3014				
214,8	-8,2931				
215,2	-8,2959				
215,6	-8,2975				
216	-8,2944				
216,4	-8,2988				
216,8	-8,2908				
217,2	-8,297				
217,6	-8,2907				
218	-8,296				
218,4	-8,2975				
218,8	-8,2931				
219,2	-8,2992				
219,6	-8,2885				
220	-8,2982				
220,4	-8,2898				
220,8	-8,2983				
221,2	-8,2886				
221,6	-8,2964				
222	-8,2947				
222,4	-8,29				
222,8	-8,2973				
223,2	-8,2881				
223,6	-8,2892				
224	-8,2952				
224,4	-8,2898				
224,8	-8,2912				
225,2	-8,2939				
225,6	-8,2862				
226	-8,292				
226,4	-8,2848				
226,8	-8,2922				
227,2	-8,2965				
227,6	-8,2849				
228	-8,2928				
228,4	-8,2889				
228,8	-8,2911				
229,2	-8,2953				
229,6	-8,2838				
230	-8,2894				
230,4	-8,2941				
230,8	-8,2879				
231,2	-8,2935				
231,6	-8,2858				
232	-8,2893				
232,4	-8,2911				
232,8	-8,2856				
233,2	-8,2916				
233,6	-8,285				
234	-8,2896				
234,4	-8,2906				
234,8	-8,2843				
235,2	-8,2913				
235,6	-8,289				
236	-8,2858				
236,4	-8,289				
236,8	-8,2841				
237,2	-8,2891				
237,6	-8,2842				
238	-8,287				
238,4	-8,2898				
238,8	-8,2804				
239,2	-8,2887				
239,6	-8,2828				
240	-8,2874				
240,4	-8,2887				
240,8	-8,284				
241,2	-8,2903				
241,6	-8,2791				
242	-8,2846				
242,4	-8,2851				
242,8	-8,281				
243,2	-8,2876				
243,6	-8,2793				
244	-8,2847				
244,4	-8,2871				
244,8	-8,2787				
245,2	-8,2863				
245,6	-8,2816				
246	-8,2817				
246,4	-8,2872				
246,8	-8,2768				
247,2	-8,2805				
247,6	-8,2866				
248	-8,2815				
248,4	-8,2809				
248,8	-8,2855				
249,2	-8,2838				
249,6	-8,2777				
250	-8,2857				
250,4	-8,282				
250,8	-8,2814				
251,2	-8,2859				
251,6	-8,2776				
252	-8,2855				
252,4	-8,2747				
252,8	-8,2826				
253,2	-8,2793				
253,6	-8,2776				
254	-8,2841				
254,4	-8,273				
254,8	-8,2802				
255,2	-8,2808				
255,6	-8,2785				
256	-8,2776				
256,4	-8,273				
256,8	-8,2823				
257,2	-8,2713				
257,6	-8,279				
258	-8,2754				
258,4	-8,2819				
258,8	-8,2783				
259,2	-8,2804				
259,6	-8,2779				
260	-8,2821				
260,4	-8,2807				
260,8	-8,2826				
261,2	-8,2809				
261,6	-8,2825				
262	-8,2777				
262,4	-8,2834				
262,8	-8,2822				
263,2	-8,2855				
263,6	-8,2785				
264	-8,2846				
264,4	-8,2815				
264,8	-8,2808				
265,2	-8,2812				
265,6	-8,2801				
266	-8,2813				
266,4	-8,2783				
266,8	-8,2818				
267,2	-8,2831				
267,6	-8,2781				
268	-8,2833				
268,4	-8,2818				
268,8	-8,2843				
269,2	-8,2766				
269,6	-8,2782				
270	-8,2836				
270,4	-8,2815				
270,8	-8,2791				
271,2	-8,2801				
271,6	-8,2796				
272	-8,2804				
272,4	-8,2703				
272,8	-8,2742				
273,2	-8,2802				
273,6	-8,2737				
274	-8,2773				
274,4	-8,2792				
274,8	-8,2746				
275,2	-8,2748				
275,6	-8,28				
276	-8,2751				
276,4	-8,2761				
276,8	-8,2746				
277,2	-8,2763				
277,6	-8,2711				
278	-8,2749				
278,4	-8,2711				
278,8	-8,2774				
279,2	-8,2759				
279,6	-8,2754				
280	-8,2667				
280,4	-8,2728				
280,8	-8,2771				
281,2	-8,2677				
281,6	-8,2745				
282	-8,2753				
282,4	-8,2669				
282,8	-8,2742				
283,2	-8,2721				
283,6	-8,2717				
284	-8,2619				
284,4	-8,2716				
284,8	-8,27				
285,2	-8,2729				
285,6	-8,2726				
286	-8,269				
286,4	-8,2717				
286,8	-8,2665				
287,2	-8,272				
287,6	-8,2717				
288	-8,2701				
288,4	-8,2702				
288,8	-8,2721				
289,2	-8,2657				
289,6	-8,2708				
290	-8,2636				
290,4	-8,2676				
290,8	-8,268				
291,2	-8,2694				
291,6	-8,2641				
292	-8,2696				
292,4	-8,269				
292,8	-8,2666				
293,2	-8,2694				
293,6	-8,2666				
294	-8,2692				
294,4	-8,2637				
294,8	-8,2674				
295,2	-8,2688				
295,6	-8,264				
296	-8,2692				
296,4	-8,266				
296,8	-8,2679				
297,2	-8,2682				
297,6	-8,263				
298	-8,2684				
298,4	-8,2594				
298,8	-8,2641				
299,2	-8,2656				
299,6	-8,2593				
300	-8,2643				
300,4	-8,2666				
300,8	-8,2628				
301,2	-8,2612				
301,6	-8,2635				
302	-8,2582				
302,4	-8,2635				
302,8	-8,2595				
303,2	-8,2598				
303,6	-8,2629				
304	-8,258				
304,4	-8,2616				
304,8	-8,2643				
305,2	-8,2625				
305,6	-8,2593				
306	-8,2619				
306,4	-8,2596				
306,8	-8,2606				
307,2	-8,2573				
307,6	-8,2567				
308	-8,2611				
308,4	-8,2526				
308,8	-8,2566				
309,2	-8,2612				
309,6	-8,2543				
310	-8,2589				
310,4	-8,255				
310,8	-8,2587				
311,2	-8,2577				
311,6	-8,2514				
312	-8,255				
312,4	-8,2525				
312,8	-8,2514				
313,2	-8,2563				
313,6	-8,2559				
314	-8,2532				
314,4	-8,2581				
314,8	-8,2567				
315,2	-8,2532				
315,6	-8,2542				
316	-8,2538				
316,4	-8,2496				
316,8	-8,2526				
317,2	-8,257				
317,6	-8,2549				
318	-8,2485				
318,4	-8,2529				
318,8	-8,2557				
319,2	-8,2468				
319,6	-8,2468				
320	-8,2523				
320,4	-8,2492				
320,8	-8,2483				
321,2	-8,2481				
321,6	-8,2501				
322	-8,247				
322,4	-8,2489				
322,8	-8,2526				
323,2	-8,247				
323,6	-8,2476				
324	-8,2498				
324,4	-8,2446				
324,8	-8,2501				
325,2	-8,245				
325,6	-8,2481				
326	-8,2441				
326,4	-8,2449				
326,8	-8,2495				
327,2	-8,2439				
327,6	-8,2439				
328	-8,2505				
328,4	-8,2418				
328,8	-8,2483				
329,2	-8,2417				
329,6	-8,2447				
330	-8,2468				
330,4	-8,242				
330,8	-8,2404				
331,2	-8,244				
331,6	-8,247				
332	-8,2474				
332,4	-8,2397				
332,8	-8,2438				
333,2	-8,2478				
333,6	-8,2368				
334	-8,2425				
334,4	-8,2427				
334,8	-8,2362				
335,2	-8,2395				
335,6	-8,2417				
336	-8,2421				
336,4	-8,242				
336,8	-8,2305				
337,2	-8,2365				
337,6	-8,2418				
338	-8,2359				
338,4	-8,2366				
338,8	-8,2402				
339,2	-8,2329				
339,6	-8,2329				
340	-8,2405				
340,4	-8,2406				
340,8	-8,2309				
341,2	-8,235				
341,6	-8,238				
342	-8,2374				
342,4	-8,2332				
342,8	-8,2364				
343,2	-8,24				
343,6	-8,2314				
344	-8,2322				
344,4	-8,2355				
344,8	-8,2368				
345,2	-8,235				
345,6	-8,2384				
346	-8,2275				
346,4	-8,2325				
346,8	-8,236				
347,2	-8,2292				
347,6	-8,231				
348	-8,2337				
348,4	-8,2352				
348,8	-8,2284				
349,2	-8,2282				
349,6	-8,2297				
350	-8,2325				
350,4	-8,233				
350,8	-8,2358				
351,2	-8,2251				
351,6	-8,2332				
352	-8,236				
352,4	-8,2256				
352,8	-8,2275				
353,2	-8,2324				
353,6	-8,2329				
354	-8,2299				
354,4	-8,2275				
354,8	-8,226				
355,2	-8,2228				
355,6	-8,2278				
356	-8,2315				
356,4	-8,2271				
356,8	-8,2226				
357,2	-8,2217				
357,6	-8,2233				
358	-8,2273				
358,4	-8,2273				
358,8	-8,2193				
359,2	-8,2258				
359,6	-8,2283				
360	-8,2235				
360,4	-8,2253				
360,8	-8,2199				
361,2	-8,221				
361,6	-8,2211				
362	-8,2224				
362,4	-8,2269				
362,8	-8,2277				
363,2	-8,2214				
363,6	-8,2173				
364	-8,2229				
364,4	-8,2268				
364,8	-8,2165				
365,2	-8,2213				
365,6	-8,226				
366	-8,2214				
366,4	-8,2158				
366,8	-8,219				
367,2	-8,2221				
367,6	-8,2222				
368	-8,2203				
368,4	-8,2153				
368,8	-8,2195				
369,2	-8,2216				
369,6	-8,2215				
370	-8,223				
370,4	-8,217				
370,8	-8,2133				
371,2	-8,2178				
371,6	-8,2234				
372	-8,2251				
372,4	-8,2142				
372,8	-8,2178				
373,2	-8,2208				
373,6	-8,2225				
374	-8,2158				
374,4	-8,2147				
374,8	-8,2113				
375,2	-8,2136				
375,6	-8,2165				
376	-8,221				
376,4	-8,2129				
376,8	-8,2094				
377,2	-8,2152				
377,6	-8,2191				
378	-8,2142				
378,4	-8,2089				
378,8	-8,214				
379,2	-8,2164				
379,6	-8,2158				
380	-8,2104				
380,4	-8,2064				
380,8	-8,2118				
381,2	-8,213				
381,6	-8,2131				
382	-8,2097				
382,4	-8,2043				
382,8	-8,2054				
383,2	-8,2094				
383,6	-8,2113				
384	-8,2039				
384,4	-8,1994				
384,8	-8,2033				
385,2	-8,2015				
385,6	-8,1909				
386	-8,1913				
386,4	-8,1896				
386,8	-8,1914				
387,2	-8,1917				
387,6	-8,1871				
388	-8,1772				
388,4	-8,1773				
388,8	-8,1811				
389,2	-8,1783				
389,6	-8,1685				
390	-8,168				
390,4	-8,1702				
390,8	-8,1652				
391,2	-8,1577				
391,6	-8,1606				
392	-8,1594				
392,4	-8,1557				
392,8	-8,1487				
393,2	-8,1476				
393,6	-8,1494				
394	-8,1412				
394,4	-8,1393				
394,8	-8,1396				
395,2	-8,1314				
395,6	-8,1251				
396	-8,1227				
396,4	-8,1251				
396,8	-8,1135				
397,2	-8,1126				
397,6	-8,1135				
398	-8,11				
398,4	-8,0981				
398,8	-8,0969				
399,2	-8,0987				
399,6	-8,0966				
400	-8,0845				
400,4	-8,0841				
400,8	-8,0854				
401,2	-8,0744				
401,6	-8,0716				
402	-8,0736				
402,4	-8,0672				
402,8	-8,0603				
403,2	-8,0599				
403,6	-8,0597				
404	-8,0468				
404,4	-8,0412				
404,8	-8,0463				
405,2	-8,036				
405,6	-8,0308				
406	-8,0336				
406,4	-8,0289				
406,8	-8,0259				
407,2	-8,0132				
407,6	-8,0147				
408	-8,0136				
408,4	-8,0022				
408,8	-7,9979				
409,2	-8,0008				
409,6	-8,0012				
410	-7,9893				
410,4	-7,9908				
410,8	-7,9863				
411,2	-7,9773				
411,6	-7,9763				
412	-7,979				
412,4	-7,975				
412,8	-7,9631				
413,2	-7,961				
413,6	-7,9645				
414	-7,9615				
414,4	-7,9521				
414,8	-7,9483				
415,2	-7,9492				
415,6	-7,9476				
416	-7,9453				
416,4	-7,9358				
416,8	-7,932				
417,2	-7,9319				
417,6	-7,9317				
418	-7,9256				
418,4	-7,9208				
418,8	-7,9171				
419,2	-7,9218				
419,6	-7,9219				
420	-7,9149				
420,4	-7,9055				
420,8	-7,904				
421,2	-7,9083				
421,6	-7,9064				
422	-7,9036				
422,4	-7,8974				
422,8	-7,8903				
423,2	-7,8919				
423,6	-7,8941				
424	-7,8877				
424,4	-7,8804				
424,8	-7,8857				
425,2	-7,8851				
425,6	-7,8744				
426	-7,8783				
426,4	-7,878				
426,8	-7,8766				
427,2	-7,8703				
427,6	-7,8631				
428	-7,8685				
428,4	-7,8672				
428,8	-7,8576				
429,2	-7,8636				
429,6	-7,8644				
430	-7,8563				
430,4	-7,8532				
430,8	-7,8587				
431,2	-7,8568				
431,6	-7,8478				
432	-7,8438				
432,4	-7,8485				
432,8	-7,8499				
433,2	-7,8389				
433,6	-7,8441				
434	-7,8454				
434,4	-7,8429				
434,8	-7,8331				
435,2	-7,832				
435,6	-7,8362				
436	-7,8385				
436,4	-7,8345				
436,8	-7,8275				
437,2	-7,8271				
437,6	-7,8317				
438	-7,831				
438,4	-7,8241				
438,8	-7,819				
439,2	-7,8181				
439,6	-7,8197				
440	-7,8248				
440,4	-7,822				
440,8	-7,8179				
441,2	-7,8115				
441,6	-7,8166				
442	-7,8185				
442,4	-7,8151				
442,8	-7,8118				
443,2	-7,8077				
443,6	-7,8109				
444	-7,8112				
444,4	-7,8069				
444,8	-7,8005				
445,2	-7,8062				
445,6	-7,8008				
446	-7,7999				
446,4	-7,8051				
446,8	-7,8023				
447,2	-7,7963				
447,6	-7,7968				
448	-7,7978				
448,4	-7,8004				
448,8	-7,7971				
449,2	-7,7896				
449,6	-7,787				
450	-7,7904				
450,4	-7,7945				
450,8	-7,7912				
451,2	-7,7894				
451,6	-7,7816				
452	-7,7791				
452,4	-7,7834				
452,8	-7,7864				
453,2	-7,7848				
453,6	-7,7778				
454	-7,7742				
454,4	-7,7765				
454,8	-7,7812				
455,2	-7,7781				
455,6	-7,7708				
456	-7,7726				
456,4	-7,7751				
456,8	-7,7776				
457,2	-7,7705				
457,6	-7,7649				
458	-7,7651				
458,4	-7,7687				
458,8	-7,7701				
459,2	-7,77				
459,6	-7,763				
460	-7,7582				
460,4	-7,7616				
460,8	-7,7642				
461,2	-7,765				
461,6	-7,7608				
462	-7,7522				
462,4	-7,7542				
462,8	-7,7563				
463,2	-7,7584				
463,6	-7,757				
464	-7,7498				
464,4	-7,749				
464,8	-7,7504				
465,2	-7,7548				
465,6	-7,7482				
466	-7,7448				
466,4	-7,7484				
466,8	-7,752				
467,2	-7,744				
467,6	-7,7404				
468	-7,7456				
468,4	-7,7464				
468,8	-7,7403				
469,2	-7,735				
469,6	-7,7403				
470	-7,7422				
470,4	-7,7427				
470,8	-7,7357				
471,2	-7,7324				
471,6	-7,737				
472	-7,7388				
472,4	-7,7324				
472,8	-7,7281				
473,2	-7,73				
473,6	-7,7342				
474	-7,7363				
474,4	-7,7343				
474,8	-7,7262				
475,2	-7,7266				
475,6	-7,7299				
476	-7,7319				
476,4	-7,727				
476,8	-7,7211				
477,2	-7,7187				
477,6	-7,7243				
478	-7,7264				
478,4	-7,7165				
478,8	-7,7159				
479,2	-7,7206				
479,6	-7,7235				
480	-7,7205				
480,4	-7,7126				
480,8	-7,7137				
481,2	-7,7215				
481,6	-7,718				
482	-7,7084				
482,4	-7,7142				
482,8	-7,7179				
483,2	-7,7088				
483,6	-7,712				
484	-7,7153				
484,4	-7,7067				
484,8	-7,7077				
485,2	-7,7134				
485,6	-7,7025				
486	-7,7072				
486,4	-7,7104				
486,8	-7,7008				
487,2	-7,7023				
487,6	-7,7079				
488	-7,704				
488,4	-7,6982				
488,8	-7,7002				
489,2	-7,7034				
489,6	-7,7025				
490	-7,6955				
490,4	-7,6928				
490,8	-7,6964				
491,2	-7,7				
491,6	-7,6978				
492	-7,6903				
492,4	-7,6898				
492,8	-7,6947				
493,2	-7,6972				
493,6	-7,6959				
494	-7,6872				
494,4	-7,6865				
494,8	-7,6883				
495,2	-7,6899				
495,6	-7,693				
496	-7,6854				
496,4	-7,6816				
496,8	-7,6842				
497,2	-7,6874				
497,6	-7,6888				
498	-7,6866				
498,4	-7,6795				
498,8	-7,6772				
499,2	-7,6797				
499,6	-7,6827				
500	-7,6851				
500,4	-7,6836				
500,8	-7,6786				
501,2	-7,6731				
501,6	-7,6768				
502	-7,6803				
502,4	-7,6818				
502,8	-7,6741				
503,2	-7,6737				
503,6	-7,6768				
504	-7,6795				
504,4	-7,6757				
504,8	-7,671				
505,2	-7,6678				
505,6	-7,6706				
506	-7,6737				
506,4	-7,6741				
506,8	-7,6684				
507,2	-7,6663				
507,6	-7,6695				
508	-7,6723				
508,4	-7,6701				
508,8	-7,6647				
509,2	-7,6619				
509,6	-7,6625				
510	-7,6656				
510,4	-7,6685				
510,8	-7,6687				
511,2	-7,6625				
511,6	-7,6589				
512	-7,6578				
512,4	-7,6598				
512,8	-7,6625				
513,2	-7,666				
513,6	-7,6632				
514	-7,6588				
514,4	-7,653				
514,8	-7,6541				
515,2	-7,658				
515,6	-7,6607				
516	-7,6592				
516,4	-7,6551				
516,8	-7,6512				
517,2	-7,6498				
517,6	-7,6512				
518	-7,6533				
518,4	-7,6567				
518,8	-7,656				
519,2	-7,6506				
519,6	-7,6451				
520	-7,6462				
520,4	-7,6478				
520,8	-7,6504				
521,2	-7,6527				
521,6	-7,6522				
522	-7,6502				
522,4	-7,6435				
522,8	-7,6412				
523,2	-7,642				
523,6	-7,6435				
524	-7,6465				
524,4	-7,649				
524,8	-7,6468				
525,2	-7,6418				
525,6	-7,6372				
526	-7,6381				
526,4	-7,64				
526,8	-7,6388				
527,2	-7,6398				
527,6	-7,6409				
528	-7,6426				
528,4	-7,6404				
528,8	-7,6356				
529,2	-7,6333				
529,6	-7,6336				
530	-7,636				
530,4	-7,6364				
530,8	-7,6382				
531,2	-7,638				
531,6	-7,6361				
532	-7,631				
532,4	-7,6265				
532,8	-7,6283				
533,2	-7,631				
533,6	-7,6364				
534	-7,6329				
534,4	-7,6289				
534,8	-7,6252				
535,2	-7,6244				
535,6	-7,6243				
536	-7,6274				
536,4	-7,6286				
536,8	-7,6275				
537,2	-7,6284				
537,6	-7,6306				
538	-7,6295				
538,4	-7,6283				
538,8	-7,625				
539,2	-7,6188				
539,6	-7,6197				
540	-7,6254				
540,4	-7,6286				
540,8	-7,6264				
541,2	-7,6209				
541,6	-7,6163				
542	-7,6182				
542,4	-7,6213				
542,8	-7,6258				
543,2	-7,6239				
543,6	-7,6214				
544	-7,6178				
544,4	-7,613				
544,8	-7,6164				
545,2	-7,6198				
545,6	-7,6229				
546	-7,6222				
546,4	-7,6158				
546,8	-7,6144				
547,2	-7,6159				
547,6	-7,618				
548	-7,6186				
548,4	-7,6166				
548,8	-7,6103				
549,2	-7,6087				
549,6	-7,6108				
550	-7,6164				
550,4	-7,6143				
550,8	-7,6117				
551,2	-7,6059				
551,6	-7,6056				
552	-7,6109				
552,4	-7,6137				
552,8	-7,6108				
553,2	-7,6048				
553,6	-7,6033				
554	-7,6084				
554,4	-7,6111				
554,8	-7,6128				
555,2	-7,6087				
555,6	-7,6006				
556	-7,6011				
556,4	-7,6011				
556,8	-7,6044				
557,2	-7,6089				
557,6	-7,606				
558	-7,6007				
558,4	-7,599				
558,8	-7,6039				
559,2	-7,6052				
559,6	-7,5977				
560	-7,5994				
560,4	-7,606				
560,8	-7,5999				
561,2	-7,5956				
561,6	-7,5998				
562	-7,6036				
562,4	-7,5943				
562,8	-7,5981				
563,2	-7,6034				
563,6	-7,5924				
564	-7,5976				
564,4	-7,6017				
564,8	-7,5912				
565,2	-7,5998				
565,6	-7,5983				
566	-7,591				
566,4	-7,5975				
566,8	-7,5917				
567,2	-7,5912				
567,6	-7,5992				
568	-7,592				
568,4	-7,5874				
568,8	-7,5956				
569,2	-7,5955				
569,6	-7,5937				
570	-7,5886				
570,4	-7,5859				
570,8	-7,5899				
571,2	-7,594				
571,6	-7,592				
572	-7,5909				
572,4	-7,5843				
572,8	-7,5849				
573,2	-7,5905				
573,6	-7,5915				
574	-7,5819				
574,4	-7,5874				
574,8	-7,5917				
575,2	-7,584				
575,6	-7,5805				
576	-7,5831				
576,4	-7,5864				
576,8	-7,5874				
577,2	-7,5787				
577,6	-7,5796				
578	-7,5858				
578,4	-7,5818				
578,8	-7,5755				
579,2	-7,5787				
579,6	-7,5838				
580	-7,583				
580,4	-7,5744				
580,8	-7,5774				
581,2	-7,5822				
581,6	-7,5825				
582	-7,5746				
582,4	-7,5739				
582,8	-7,5797				
583,2	-7,5812				
583,6	-7,5741				
584	-7,5728				
584,4	-7,5764				
584,8	-7,581				
585,2	-7,5737				
585,6	-7,5716				
586	-7,5768				
586,4	-7,5805				
586,8	-7,5713				
587,2	-7,5722				
587,6	-7,5791				
588	-7,5748				
588,4	-7,5686				
588,8	-7,5713				
589,2	-7,5765				
589,6	-7,574				
590	-7,5669				
590,4	-7,5713				
590,8	-7,5763				
591,2	-7,5677				
591,6	-7,5678				
592	-7,5745				
592,4	-7,573				
592,8	-7,565				
593,2	-7,5679				
593,6	-7,5742				
594	-7,5652				
594,4	-7,569				
594,8	-7,5724				
595,2	-7,5673				
595,6	-7,5635				
596	-7,5698				
596,4	-7,5716				
596,8	-7,565				
597,2	-7,56				
597,6	-7,569				
598	-7,5679				
598,4	-7,5595				
598,8	-7,5642				
599,2	-7,5696				
599,6	-7,559				
600	-7,5648				
600,4	-7,5689				
600,8	-7,5623				
601,2	-7,5594				
601,6	-7,5645				
602	-7,5662				
602,4	-7,5586				
602,8	-7,5575				
603,2	-7,5629				
603,6	-7,5652				
604	-7,5585				
604,4	-7,554				
604,8	-7,5581				
605,2	-7,5612				
605,6	-7,5601				
606	-7,5546				
606,4	-7,5576				
606,8	-7,5627				
607,2	-7,5593				
607,6	-7,5521				
608	-7,5554				
608,4	-7,5618				
608,8	-7,5516				
609,2	-7,5529				
609,6	-7,5597				
610	-7,5571				
610,4	-7,5496				
610,8	-7,5539				
611,2	-7,5596				
611,6	-7,5545				
612	-7,5487				
612,4	-7,5542				
612,8	-7,5557				
613,2	-7,5474				
613,6	-7,5542				
614	-7,5574				
614,4	-7,5462				
614,8	-7,5515				
615,2	-7,5565				
615,6	-7,5477				
616	-7,5492				
616,4	-7,5549				
616,8	-7,548				
617,2	-7,548				
617,6	-7,5557				
618	-7,5444				
618,4	-7,5515				
618,8	-7,5541				
619,2	-7,5437				
619,6	-7,5503				
620	-7,5505				
620,4	-7,5435				
620,8	-7,5504				
621,2	-7,5467				
621,6	-7,5439				
622	-7,5521				
622,4	-7,544				
622,8	-7,5448				
623,2	-7,5522				
623,6	-7,5404				
624	-7,5456				
624,4	-7,5507				
624,8	-7,5387				
625,2	-7,5443				
625,6	-7,5502				
626	-7,5402				
626,4	-7,5401				
626,8	-7,5459				
627,2	-7,5463				
627,6	-7,5395				
628	-7,5396				
628,4	-7,5437				
628,8	-7,5474				
629,2	-7,5432				
629,6	-7,5373				
630	-7,5357				
630,4	-7,5396				
630,8	-7,5439				
631,2	-7,5421				
631,6	-7,5333				
632	-7,5384				
632,4	-7,5431				
632,8	-7,5349				
633,2	-7,5375				
633,6	-7,5441				
634	-7,5338				
634,4	-7,5391				
634,8	-7,5421				
635,2	-7,5347				
635,6	-7,5411				
636	-7,5405				
636,4	-7,5331				
636,8	-7,5398				
637,2	-7,5375				
637,6	-7,5355				
638	-7,5408				
638,4	-7,5323				
638,8	-7,5403				
639,2	-7,5331				
639,6	-7,5367				
640	-7,539				
640,4	-7,5338				
640,8	-7,5402				
641,2	-7,5295				
641,6	-7,5388				
642	-7,533				
642,4	-7,5325				
642,8	-7,5394				
643,2	-7,5288				
643,6	-7,5378				
644	-7,5339				
644,4	-7,5319				
644,8	-7,5381				
645,2	-7,5294				
645,6	-7,5374				
646	-7,5309				
646,4	-7,5308				
646,8	-7,5373				
647,2	-7,5285				
647,6	-7,5369				
648	-7,5297				
648,4	-7,5349				
648,8	-7,5283				
649,2	-7,5302				
649,6	-7,5284				
650	-7,5301				
650,4	-7,526				
650,8	-7,5321				
651,2	-7,5235				
651,6	-7,534				
652	-7,5247				
652,4	-7,5304				
652,8	-7,5259				
653,2	-7,5305				
653,6	-7,5273				
654	-7,5243				
654,4	-7,5313				
654,8	-7,5219				
655,2	-7,5311				
655,6	-7,521				
656	-7,5297				
656,4	-7,5197				
656,8	-7,5303				
657,2	-7,5218				
657,6	-7,5222				
658	-7,5294				
658,4	-7,5215				
658,8	-7,5189				
659,2	-7,5276				
659,6	-7,5172				
660	-7,526				
660,4	-7,5221				
660,8	-7,5181				
661,2	-7,5241				
661,6	-7,5242				
662	-7,5168				
662,4	-7,5244				
662,8	-7,5248				
663,2	-7,5192				
663,6	-7,5141				
664	-7,5224				
664,4	-7,5252				
664,8	-7,5193				
665,2	-7,5129				
665,6	-7,5186				
666	-7,524				
666,4	-7,5182				
666,8	-7,5121				
667,2	-7,5225				
667,6	-7,5193				
668	-7,5121				
668,4	-7,5198				
668,8	-7,5176				
669,2	-7,5116				
669,6	-7,5219				
670	-7,5171				
670,4	-7,5098				
670,8	-7,5205				
671,2	-7,5182				
671,6	-7,5098				
672	-7,5205				
672,4	-7,5132				
672,8	-7,5143				
673,2	-7,5172				
673,6	-7,5096				
674	-7,5205				
674,4	-7,5102				
674,8	-7,518				
675,2	-7,5074				
675,6	-7,5171				
676	-7,5098				
676,4	-7,5177				
676,8	-7,51				
677,2	-7,5169				
677,6	-7,5111				
678	-7,5132				
678,4	-7,5082				
678,8	-7,5123				
679,2	-7,5117				
679,6	-7,5083				
680	-7,5138				
680,4	-7,5066				
680,8	-7,5136				
681,2	-7,5069				
681,6	-7,5144				
682	-7,5059				
682,4	-7,5138				
682,8	-7,5091				
683,2	-7,51				
683,6	-7,5122				
684	-7,5047				
684,4	-7,5112				
684,8	-7,5056				
685,2	-7,5098				
685,6	-7,5052				
686	-7,5082				
686,4	-7,5096				
686,8	-7,5036				
687,2	-7,5111				
687,6	-7,5032				
688	-7,5108				
688,4	-7,5007				
688,8	-7,5087				
689,2	-7,5035				
689,6	-7,5073				
690	-7,5046				
690,4	-7,5016				
690,8	-7,5096				
691,2	-7,499				
691,6	-7,5061				
692	-7,5053				
692,4	-7,4998				
692,8	-7,5054				
693,2	-7,5059				
693,6	-7,4993				
694	-7,5051				
694,4	-7,5072				
694,8	-7,4983				
695,2	-7,5024				
695,6	-7,5056				
696	-7,4992				
696,4	-7,5003				
696,8	-7,5078				
697,2	-7,4998				
697,6	-7,5011				
698	-7,5056				
698,4	-7,4959				
698,8	-7,5034				
699,2	-7,4993				
699,6	-7,4988				
700	-7,5049				
700,4	-7,4947				
700,8	-7,4983				
701,2	-7,504				
701,6	-7,4944				
702	-7,5012				
702,4	-7,5002				
702,8	-7,4964				
703,2	-7,5006				
703,6	-7,5002				
704	-7,4922				
704,4	-7,4986				
704,8	-7,5024				
705,2	-7,4921				
705,6	-7,4937				
706	-7,5				
706,4	-7,4976				
706,8	-7,4903				
707,2	-7,4943				
707,6	-7,4962				
708	-7,4986				
708,4	-7,4908				
708,8	-7,4893				
709,2	-7,4939				
709,6	-7,4989				
710	-7,4921				
710,4	-7,4905				
710,8	-7,491				
711,2	-7,4963				
711,6	-7,4958				
712	-7,489				
712,4	-7,4907				
712,8	-7,4952				
713,2	-7,4972				
713,6	-7,4893				
714	-7,4883				
714,4	-7,4911				
714,8	-7,4961				
715,2	-7,4916				
715,6	-7,4849				
716	-7,4921				
716,4	-7,4953				
716,8	-7,4866				
717,2	-7,4863				
717,6	-7,492				
718	-7,4938				
718,4	-7,4944				
718,8	-7,485				
719,2	-7,4856				
719,6	-7,4925				
720	-7,4908				
720,4	-7,4837				
720,8	-7,4846				
721,2	-7,492				
721,6	-7,4887				
722	-7,4824				
722,4	-7,4841				
722,8	-7,4888				
723,2	-7,4909				
723,6	-7,4817				
724	-7,4837				
724,4	-7,4904				
724,8	-7,4868				
725,2	-7,4811				
725,6	-7,4861				
726	-7,4897				
726,4	-7,4825				
726,8	-7,4836				
727,2	-7,4891				
727,6	-7,4814				
728	-7,4795				
728,4	-7,4856				
728,8	-7,4871				
729,2	-7,4789				
729,6	-7,4849				
730	-7,4876				
730,4	-7,4816				
730,8	-7,4779				
731,2	-7,4847				
731,6	-7,4848				
732	-7,4775				
732,4	-7,4769				
732,8	-7,4811				
733,2	-7,483				
733,6	-7,4844				
734	-7,4834				
734,4	-7,4782				
734,8	-7,4766				
735,2	-7,4831				
735,6	-7,4744				
736	-7,4833				
736,4	-7,4733				
736,8	-7,4778				
737,2	-7,483				
737,6	-7,4731				
738	-7,4775				
738,4	-7,482				
738,8	-7,4712				
739,2	-7,4814				
739,6	-7,4761				
740	-7,4745				
740,4	-7,4808				
740,8	-7,4739				
741,2	-7,4788				
741,6	-7,4739				
742	-7,4809				
742,4	-7,4694				
742,8	-7,48				
743,2	-7,4753				
743,6	-7,4727				
744	-7,4799				
744,4	-7,4697				
744,8	-7,4773				
745,2	-7,4727				
745,6	-7,4738				
746	-7,4773				
746,4	-7,4694				
746,8	-7,4762				
747,2	-7,4761				
747,6	-7,4702				
748	-7,4773				
748,4	-7,4691				
748,8	-7,4742				
749,2	-7,4717				
749,6	-7,4684				
750	-7,4778				
750,4	-7,4676				
750,8	-7,4698				
751,2	-7,4751				
751,6	-7,4695				
752	-7,4677				
752,4	-7,4736				
752,8	-7,4674				
753,2	-7,4647				
753,6	-7,4716				
754	-7,4741				
754,4	-7,466				
754,8	-7,4664				
755,2	-7,4722				
755,6	-7,4653				
756	-7,4636				
756,4	-7,4718				
756,8	-7,4672				
757,2	-7,462				
757,6	-7,4714				
758	-7,4713				
758,4	-7,4627				
758,8	-7,4643				
759,2	-7,4699				
759,6	-7,4693				
760	-7,4608				
760,4	-7,4685				
760,8	-7,4659				
761,2	-7,4645				
761,6	-7,4627				
762	-7,4699				
762,4	-7,4689				
762,8	-7,4705				
763,2	-7,4726				
763,6	-7,4694				
764	-7,4728				
764,4	-7,4765				
764,8	-7,4775				
765,2	-7,473				
765,6	-7,4756				
766	-7,4699				
766,4	-7,4746				
766,8	-7,4732				
767,2	-7,4683				
767,6	-7,4734				
768	-7,4733				
768,4	-7,4679				
768,8	-7,4695				
769,2	-7,4729				
769,6	-7,4752				
770	-7,4756				
770,4	-7,474				
770,8	-7,4745				
771,2	-7,4709				
771,6	-7,4712				
772	-7,4648				
772,4	-7,4669				
772,8	-7,4663				
773,2	-7,4638				
773,6	-7,4667				
774	-7,4671				
774,4	-7,4693				
774,8	-7,4686				
775,2	-7,4659				
775,6	-7,4686				
776	-7,4671				
776,4	-7,4684				
776,8	-7,468				
777,2	-7,4677				
777,6	-7,4678				
778	-7,4673				
778,4	-7,463				
778,8	-7,4615				
779,2	-7,4657				
779,6	-7,4655				
780	-7,4675				
780,4	-7,4677				
780,8	-7,467				
781,2	-7,467				
781,6	-7,4701				
782	-7,4678				
782,4	-7,4673				
782,8	-7,4665				
783,2	-7,4667				
783,6	-7,4645				
784	-7,4622				
784,4	-7,4586				
784,8	-7,4579				
785,2	-7,4612				
785,6	-7,4662				
786	-7,4663				
786,4	-7,462				
786,8	-7,4572				
787,2	-7,458				
787,6	-7,4588				
788	-7,4591				
788,4	-7,4597				
788,8	-7,4566				
789,2	-7,4615				
789,6	-7,4646				
790	-7,4631				
790,4	-7,463				
790,8	-7,4621				
791,2	-7,458				
791,6	-7,4587				
792	-7,4619				
792,4	-7,4612				
792,8	-7,4573				
793,2	-7,4568				
793,6	-7,461				
794	-7,4602				
794,4	-7,4609				
794,8	-7,4609				
795,2	-7,4565				
795,6	-7,4544				
796	-7,4585				
796,4	-7,4605				
796,8	-7,4593				
797,2	-7,4577				
797,6	-7,4546				
798	-7,454				
798,4	-7,4569				
798,8	-7,4597				
799,2	-7,4593				
799,6	-7,4584				
800	-7,4539				
800,4	-7,4566				
800,8	-7,4594				
801,2	-7,4618				
801,6	-7,4602				
802	-7,4608				
802,4	-7,4601				
802,8	-7,4606				
803,2	-7,4603				
803,6	-7,4602				
804	-7,4599				
804,4	-7,4604				
804,8	-7,4611				
805,2	-7,4617				
805,6	-7,4622				
806	-7,4626				
806,4	-7,463				
806,8	-7,4632				
807,2	-7,4634				
807,6	-7,4636				
808	-7,4637				
808,4	-7,4638				
808,8	-7,4634				
809,2	-7,4638				
809,6	-7,4636				
810	-7,4634				
810,4	-7,4631				
810,8	-7,4629				
811,2	-7,4628				
811,6	-7,4626				
812	-7,4624				
812,4	-7,4622				
812,8	-7,4621				
813,2	-7,4619				
813,6	-7,4618				
814	-7,4616				
814,4	-7,4615				
814,8	-7,4613				
815,2	-7,4612				
815,6	-7,4611				
816	-7,4609				
816,4	-7,4608				
816,8	-7,4607				
817,2	-7,4606				
817,6	-7,4605				
818	-7,4604				
818,4	-7,4603				
818,8	-7,4602				
819,2	-7,4601				
819,6	-7,46				
820	-7,4599				
820,4	-7,4598				
820,8	-7,4597				
821,2	-7,4597				
821,6	-7,4595				
822	-7,4593				
822,4	-7,4594				
822,8	-7,4593				
823,2	-7,4592				
823,6	-7,4591				
824	-7,459				
824,4	-7,4589				
824,8	-7,4588				
825,2	-7,4588				
825,6	-7,4587				
826	-7,4586				
826,4	-7,4585				
826,8	-7,4584				
827,2	-7,4583				
827,6	-7,4582				
828	-7,4581				
828,4	-7,4581				
828,8	-7,458				
829,2	-7,4579				
829,6	-7,4578				
830	-7,4577				
830,4	-7,4576				
830,8	-7,4576				
831,2	-7,4574				
831,6	-7,4574				
832	-7,4572				
832,4	-7,4571				
832,8	-7,4571				
833,2	-7,457				
833,6	-7,4569				
834	-7,4568				
834,4	-7,4567				
834,8	-7,4566				
835,2	-7,4565				
835,6	-7,4564				
836	-7,4563				
836,4	-7,4563				
836,8	-7,4562				
837,2	-7,4561				
837,6	-7,456				
838	-7,4559				
838,4	-7,4556				
838,8	-7,4561				
839,2	-7,4559				
839,6	-7,4555				
840	-7,4559				
840,4	-7,4554				
840,8	-7,4547				
841,2	-7,4537				
841,6	-7,4528				
842	-7,4519				
842,4	-7,4511				
842,8	-7,4504				
843,2	-7,4497				
843,6	-7,4492				
844	-7,4486				
844,4	-7,4481				
844,8	-7,4477				
845,2	-7,4472				
845,6	-7,4469				
846	-7,4466				
846,4	-7,4463				
846,8	-7,446				
847,2	-7,4457				
847,6	-7,4455				
848	-7,4453				
848,4	-7,4451				
848,8	-7,4449				
849,2	-7,4447				
849,6	-7,4445				
850	-7,4444				
850,4	-7,4443				
850,8	-7,4441				
851,2	-7,444				
851,6	-7,4439				
852	-7,4437				
852,4	-7,4436				
852,8	-7,4435				
853,2	-7,4434				
853,6	-7,4433				
854	-7,4432				
854,4	-7,4431				
854,8	-7,443				
855,2	-7,4429				
855,6	-7,4428				
856	-7,4427				
856,4	-7,4426				
856,8	-7,4426				
857,2	-7,4425				
857,6	-7,4424				
858	-7,4423				
858,4	-7,4423				
858,8	-7,4422				
859,2	-7,4422				
859,6	-7,4422				
860	-7,4421				
860,4	-7,4421				
860,8	-7,4421				
861,2	-7,442				
861,6	-7,442				
862	-7,442				
862,4	-7,4419				
862,8	-7,4418				
863,2	-7,4418				
863,6	-7,4418				
864	-7,4417				
864,4	-7,4416				
864,8	-7,4416				
865,2	-7,4416				
865,6	-7,4415				
866	-7,4415				
866,4	-7,4414				
866,8	-7,4414				
867,2	-7,4413				
867,6	-7,4413				
868	-7,4412				
868,4	-7,4412				
868,8	-7,4411				
869,2	-7,441				
869,6	-7,441				
870	-7,4409				
870,4	-7,4409				
870,8	-7,4408				
871,2	-7,4408				
871,6	-7,4407				
872	-7,4406				
872,4	-7,4406				
872,8	-7,4405				
873,2	-7,4404				
873,6	-7,4403				
874	-7,4403				
874,4	-7,4402				
874,8	-7,4402				
875,2	-7,4401				
875,6	-7,44				
876	-7,44				
876,4	-7,4399				
876,8	-7,4399				
877,2	-7,4399				
877,6	-7,4398				
878	-7,4397				
878,4	-7,4397				
878,8	-7,4396				
879,2	-7,4395				
879,6	-7,4395				
880	-7,4394				
880,4	-7,4393				
880,8	-7,4393				
881,2	-7,4392				
881,6	-7,4391				
882	-7,4391				
882,4	-7,439				
882,8	-7,439				
883,2	-7,4389				
883,6	-7,4388				
884	-7,4388				
884,4	-7,4387				
884,8	-7,4386				
885,2	-7,4386				
885,6	-7,4385				
886	-7,4385				
886,4	-7,4384				
886,8	-7,4383				
887,2	-7,4383				
887,6	-7,4382				
888	-7,4381				
888,4	-7,4381				
888,8	-7,438				
889,2	-7,438				
889,6	-7,4379				
890	-7,4379				
890,4	-7,4378				
890,8	-7,4377				
891,2	-7,4376				
891,6	-7,4376				
892	-7,4375				
892,4	-7,4375				
892,8	-7,4374				
893,2	-7,4374				
893,6	-7,4373				
894	-7,4372				
894,4	-7,4372				
894,8	-7,4371				
895,2	-7,4371				
895,6	-7,437				
896	-7,437				
896,4	-7,4369				
896,8	-7,4368				
897,2	-7,4368				
897,6	-7,4367				
898	-7,4366				
898,4	-7,4366				
898,8	-7,4365				
899,2	-7,4365				
899,6	-7,4364				
900	-7,4364				
900,4	-7,4363				
900,8	-7,4362				
901,2	-7,4362				
901,6	-7,4362				
902	-7,4361				
902,4	-7,436				
902,8	-7,4359				
903,2	-7,4359				
903,6	-7,4358				
904	-7,4358				
904,4	-7,4358				
904,8	-7,4357				
905,2	-7,4356				
905,6	-7,4356				
906	-7,4355				
906,4	-7,4354				
906,8	-7,4354				
907,2	-7,4353				
907,6	-7,4353				
908	-7,4352				
908,4	-7,4352				
908,8	-7,4351				
909,2	-7,4351				
909,6	-7,435				
910	-7,435				
910,4	-7,4349				
910,8	-7,4349				
911,2	-7,4348				
911,6	-7,4348				
912	-7,4347				
912,4	-7,4347				
912,8	-7,4346				
913,2	-7,4346				
913,6	-7,4345				
914	-7,4345				
914,4	-7,4345				
914,8	-7,4344				
915,2	-7,4344				
915,6	-7,4343				
916	-7,4342				
916,4	-7,4342				
916,8	-7,4341				
917,2	-7,4341				
917,6	-7,434				
918	-7,4339				
918,4	-7,4339				
918,8	-7,4338				
919,2	-7,4337				
919,6	-7,4337				
920	-7,4336				
920,4	-7,4336				
920,8	-7,4335				
921,2	-7,4335				
921,6	-7,4334				
922	-7,4334				
922,4	-7,4333				
922,8	-7,4332				
923,2	-7,4332				
923,6	-7,4331				
924	-7,433				
924,4	-7,433				
924,8	-7,4329				
925,2	-7,4329				
925,6	-7,4328				
926	-7,4328				
926,4	-7,4327				
926,8	-7,4327				
927,2	-7,4326				
927,6	-7,4325				
928	-7,4325				
928,4	-7,4324				
928,8	-7,4324				
929,2	-7,4323				
929,6	-7,4323				
930	-7,4322				
930,4	-7,4321				
930,8	-7,4321				
931,2	-7,432				
931,6	-7,432				
932	-7,4319				
932,4	-7,4319				
932,8	-7,4318				
933,2	-7,4317				
933,6	-7,4317				
934	-7,4316				
934,4	-7,4315				
934,8	-7,4315				
935,2	-7,4314				
935,6	-7,4313				
936	-7,4313				
936,4	-7,4312				
936,8	-7,4312				
937,2	-7,4312				
937,6	-7,4311				
938	-7,4311				
938,4	-7,431				
938,8	-7,4309				
939,2	-7,4309				
939,6	-7,4308				
940	-7,4308				
940,4	-7,4307				
940,8	-7,4307				
941,2	-7,4306				
941,6	-7,4305				
942	-7,4305				
942,4	-7,4304				
942,8	-7,4303				
943,2	-7,4303				
943,6	-7,4302				
944	-7,4301				
944,4	-7,4301				
944,8	-7,43				
945,2	-7,43				
945,6	-7,4299				
946	-7,4298				
946,4	-7,4298				
946,8	-7,4297				
947,2	-7,4297				
947,6	-7,4296				
948	-7,4295				
948,4	-7,4295				
948,8	-7,4294				
949,2	-7,4293				
949,6	-7,4293				
950	-7,4292				
950,4	-7,4292				
950,8	-7,4291				
951,2	-7,429				
951,6	-7,4289				
952	-7,4289				
952,4	-7,4289				
952,8	-7,4288				
953,2	-7,4287				
953,6	-7,4286				
954	-7,4286				
