0,0000;-7,4992

0,4000;-7,4983

0,8000;-7,4977

1,2000;-7,4972

1,6000;-7,4967

2,0000;-7,4962

2,4000;-7,4957

2,8000;-7,4953

3,2000;-7,4948

3,6000;-7,4944

4,0000;-7,4940

4,4000;-7,4936

4,8000;-7,4932

5,2000;-7,4927

5,6000;-7,4924

6,0000;-7,4920

6,4000;-7,4916

6,8000;-7,4912

7,2000;-7,4908

7,6000;-7,4904

8,0000;-7,4899

8,4000;-7,4896

8,8000;-7,4891

9,2000;-7,4887

9,6000;-7,4884

10,0000;-7,4880

10,4000;-7,4876

10,8000;-7,4872

11,2000;-7,4868

11,6000;-7,4863

12,0000;-7,4859

12,4000;-7,4856

12,8000;-7,4852

13,2000;-7,4849

13,6000;-7,4843

14,0000;-7,4838

14,4000;-7,4835

14,8000;-7,4832

15,2000;-7,4832

15,6000;-7,4829

16,0000;-7,4825

16,4000;-7,4826

16,8000;-7,4820

17,2000;-7,4815

17,6000;-7,4815

18,0000;-7,4812

18,4000;-7,4814

18,8000;-7,4812

19,2000;-7,4805

19,6000;-7,4804

20,0000;-7,4799

20,4000;-7,4800

20,8000;-7,4799

21,2000;-7,4797

21,6000;-7,4794

22,0000;-7,4794

22,4000;-7,4792

22,8000;-7,4787

23,2000;-7,4779

23,6000;-7,4768

24,0000;-7,4764

24,4000;-7,4767

24,8000;-7,4766

25,2000;-7,4760

25,6000;-7,4758

26,0000;-7,4753

26,4000;-7,4750

26,8000;-7,4742

27,2000;-7,4735

27,6000;-7,4730

28,0000;-7,4721

28,4000;-7,4715

28,8000;-7,4710

29,2000;-7,4705

29,6000;-7,4701

30,0000;-7,4697

30,4000;-7,4692

30,8000;-7,4687

31,2000;-7,4683

31,6000;-7,4680

32,0000;-7,4674

32,4000;-7,4671

32,8000;-7,4664

33,2000;-7,4657

33,6000;-7,4651

34,0000;-7,4643

34,4000;-7,4637

34,8000;-7,4631

35,2000;-7,4626

35,6000;-7,4623

36,0000;-7,4621

36,4000;-7,4620

36,8000;-7,4616

37,2000;-7,4610

37,6000;-7,4604

38,0000;-7,4599

38,4000;-7,4596

38,8000;-7,4595

39,2000;-7,4594

39,6000;-7,4591

40,0000;-7,4586

40,4000;-7,4583

40,8000;-7,4579

41,2000;-7,4573

41,6000;-7,4568

42,0000;-7,4564

42,4000;-7,4562

42,8000;-7,4559

43,2000;-7,4557

43,6000;-7,4554

44,0000;-7,4548

44,4000;-7,4545

44,8000;-7,4543

45,2000;-7,4540

45,6000;-7,4535

46,0000;-7,4530

46,4000;-7,4524

46,8000;-7,4520

47,2000;-7,4516

47,6000;-7,4510

48,0000;-7,4506

48,4000;-7,4504

48,8000;-7,4502

49,2000;-7,4500

49,6000;-7,4497

50,0000;-7,4493

50,4000;-7,4487

50,8000;-7,4482

51,2000;-7,4477

51,6000;-7,4473

52,0000;-7,4472

52,4000;-7,4471

52,8000;-7,4468

53,2000;-7,4462

53,6000;-7,4457

54,0000;-7,4452

54,4000;-7,4448

54,8000;-7,4443

55,2000;-7,4439

55,6000;-7,4434

56,0000;-7,4430

56,4000;-7,4426

56,8000;-7,4422

57,2000;-7,4418

57,6000;-7,4414

58,0000;-7,4412

58,4000;-7,4409

58,8000;-7,4408

59,2000;-7,4407

59,6000;-7,4406

60,0000;-7,4405

60,4000;-7,4404

60,8000;-7,4401

61,2000;-7,4394

61,6000;-7,4390

62,0000;-7,4389

62,4000;-7,4386

62,8000;-7,4385

63,2000;-7,4382

63,6000;-7,4380

64,0000;-7,4378

64,4000;-7,4375

64,8000;-7,4372

65,2000;-7,4370

65,6000;-7,4367

66,0000;-7,4365

66,4000;-7,4363

66,8000;-7,4360

67,2000;-7,4358

67,6000;-7,4355

68,0000;-7,4352

68,4000;-7,4350

68,8000;-7,4347

69,2000;-7,4345

69,6000;-7,4343

70,0000;-7,4341

70,4000;-7,4339

70,8000;-7,4341

71,2000;-7,4348

71,6000;-7,4342

72,0000;-7,4336

72,4000;-7,4331

72,8000;-7,4326

73,2000;-7,4322

73,6000;-7,4318

74,0000;-7,4314

74,4000;-7,4312

74,8000;-7,4311

75,2000;-7,4304

75,6000;-7,4302

76,0000;-7,4299

76,4000;-7,4297

76,8000;-7,4294

77,2000;-7,4296

77,6000;-7,4296

78,0000;-7,4292

78,4000;-7,4290

78,8000;-7,4287

79,2000;-7,4284

79,6000;-7,4281

80,0000;-7,4278

80,4000;-7,4275

80,8000;-7,4269

81,2000;-7,4264

81,6000;-7,4259

82,0000;-7,4255

82,4000;-7,4250

82,8000;-7,4244

83,2000;-7,4241

83,6000;-7,4241

84,0000;-7,4239

84,4000;-7,4236

84,8000;-7,4230

85,2000;-7,4225

85,6000;-7,4221

86,0000;-7,4218

86,4000;-7,4216

86,8000;-7,4218

87,2000;-7,4217

87,6000;-7,4214

88,0000;-7,4211

88,4000;-7,4209

88,8000;-7,4207

89,2000;-7,4202

89,6000;-7,4197

90,0000;-7,4195

90,4000;-7,4197

90,8000;-7,4197

91,2000;-7,4197

91,6000;-7,4196

92,0000;-7,4195

92,4000;-7,4193

92,8000;-7,4190

93,2000;-7,4188

93,6000;-7,4186

94,0000;-7,4182

94,4000;-7,4178

94,8000;-7,4173

95,2000;-7,4169

95,6000;-7,4166

96,0000;-7,4163

96,4000;-7,4161

96,8000;-7,4158

97,2000;-7,4155

97,6000;-7,4152

98,0000;-7,4151

98,4000;-7,4150

98,8000;-7,4148

99,2000;-7,4144

99,6000;-7,4139

100,0000;-7,4135

100,4000;-7,4130

100,8000;-7,4128

101,2000;-7,4125

101,6000;-7,4120

102,0000;-7,4116

102,4000;-7,4114

102,8000;-7,4112

103,2000;-7,4104

103,6000;-7,4099

104,0000;-7,4095

104,4000;-7,4091

104,8000;-7,4087

105,2000;-7,4084

105,6000;-7,4080

106,0000;-7,4076

106,4000;-7,4073

106,8000;-7,4069

107,2000;-7,4067

107,6000;-7,4066

108,0000;-7,4065

108,4000;-7,4063

108,8000;-7,4058

109,2000;-7,4053

109,6000;-7,4051

110,0000;-7,4049

110,4000;-7,4046

110,8000;-7,4043

111,2000;-7,4041

111,6000;-7,4039

112,0000;-7,4036

112,4000;-7,4034

112,8000;-7,4031

113,2000;-7,4028

113,6000;-7,4025

114,0000;-7,4022

114,4000;-7,4022

114,8000;-7,4019

115,2000;-7,4015

115,6000;-7,4012

116,0000;-7,4008

116,4000;-7,4004

116,8000;-7,4000

117,2000;-7,3996

117,6000;-7,3991

118,0000;-7,3989

118,4000;-7,3986

118,8000;-7,3984

119,2000;-7,3981

119,6000;-7,3976

120,0000;-7,3971

120,4000;-7,3967

120,8000;-7,3963

121,2000;-7,3959

121,6000;-7,3953

122,0000;-7,3946

122,4000;-7,3941

122,8000;-7,3936

123,2000;-7,3932

123,6000;-7,3930

124,0000;-7,3929

124,4000;-7,3925

124,8000;-7,3924

125,2000;-7,3922

125,6000;-7,3919

126,0000;-7,3915

126,4000;-7,3913

126,8000;-7,3910

127,2000;-7,3908

127,6000;-7,3904

128,0000;-7,3900

128,4000;-7,3897

128,8000;-7,3894

129,2000;-7,3891

129,6000;-7,3889

130,0000;-7,3885

130,4000;-7,3882

130,8000;-7,3878

131,2000;-7,3874

131,6000;-7,3870

132,0000;-7,3866

132,4000;-7,3866

132,8000;-7,3865

133,2000;-7,3861

133,6000;-7,3861

134,0000;-7,3859

134,4000;-7,3855

134,8000;-7,3848

135,2000;-7,3841

135,6000;-7,3835

136,0000;-7,3831

136,4000;-7,3827

136,8000;-7,3823

137,2000;-7,3819

137,6000;-7,3815

138,0000;-7,3811

138,4000;-7,3807

138,8000;-7,3803

139,2000;-7,3798

139,6000;-7,3795

140,0000;-7,3795

140,4000;-7,3793

140,8000;-7,3790

141,2000;-7,3787

141,6000;-7,3784

142,0000;-7,3780

142,4000;-7,3776

142,8000;-7,3772

143,2000;-7,3768

143,6000;-7,3764

144,0000;-7,3760

144,4000;-7,3757

144,8000;-7,3754

145,2000;-7,3754

145,6000;-7,3752

146,0000;-7,3749

146,4000;-7,3745

146,8000;-7,3740

147,2000;-7,3736

147,6000;-7,3733

148,0000;-7,3728

148,4000;-7,3724

148,8000;-7,3723

149,2000;-7,3721

149,6000;-7,3718

150,0000;-7,3715

150,4000;-7,3716

150,8000;-7,3716

151,2000;-7,3710

151,6000;-7,3703

152,0000;-7,3698

152,4000;-7,3689

152,8000;-7,3684

153,2000;-7,3680

153,6000;-7,3677

154,0000;-7,3673

154,4000;-7,3670

154,8000;-7,3665

155,2000;-7,3661

155,6000;-7,3657

156,0000;-7,3653

156,4000;-7,3651

156,8000;-7,3654

157,2000;-7,3652

157,6000;-7,3650

158,0000;-7,3647

158,4000;-7,3644

158,8000;-7,3642

159,2000;-7,3639

159,6000;-7,3633

160,0000;-7,3628

160,4000;-7,3623

160,8000;-7,3620

161,2000;-7,3616

161,6000;-7,3613

162,0000;-7,3612

162,4000;-7,3610

162,8000;-7,3608

163,2000;-7,3606

163,6000;-7,3604

164,0000;-7,3604

164,4000;-7,3602

164,8000;-7,3594

165,2000;-7,3589

165,6000;-7,3585

166,0000;-7,3584

166,4000;-7,3582

166,8000;-7,3579

167,2000;-7,3577

167,6000;-7,3572

168,0000;-7,3565

168,4000;-7,3561

168,8000;-7,3559

169,2000;-7,3556

169,6000;-7,3554

170,0000;-7,3552

170,4000;-7,3549

170,8000;-7,3543

171,2000;-7,3537

171,6000;-7,3531

172,0000;-7,3525

172,4000;-7,3520

172,8000;-7,3515

173,2000;-7,3511

173,6000;-7,3506

174,0000;-7,3502

174,4000;-7,3498

174,8000;-7,3495

175,2000;-7,3492

175,6000;-7,3488

176,0000;-7,3485

176,4000;-7,3482

176,8000;-7,3476

177,2000;-7,3470

177,6000;-7,3466

178,0000;-7,3462

178,4000;-7,3460

178,8000;-7,3457

179,2000;-7,3454

179,6000;-7,3447

180,0000;-7,3442

180,4000;-7,3438

180,8000;-7,3435

181,2000;-7,3433

181,6000;-7,3429

182,0000;-7,3424

182,4000;-7,3420

182,8000;-7,3414

183,2000;-7,3409

183,6000;-7,3406

184,0000;-7,3400

184,4000;-7,3395

184,8000;-7,3390

185,2000;-7,3386

185,6000;-7,3389

186,0000;-7,3382

186,4000;-7,3376

186,8000;-7,3372

187,2000;-7,3371

187,6000;-7,3363

188,0000;-7,3364

188,4000;-7,3359

188,8000;-7,3359

189,2000;-7,3357

189,6000;-7,3357

190,0000;-7,3357

190,4000;-7,3359

190,8000;-7,3355

191,2000;-7,3351

191,6000;-7,3349

192,0000;-7,3348

192,4000;-7,3349

192,8000;-7,3346

193,2000;-7,3342

193,6000;-7,3341

194,0000;-7,3340

194,4000;-7,3338

194,8000;-7,3333

195,2000;-7,3329

195,6000;-7,3325

196,0000;-7,3319

196,4000;-7,3319

196,8000;-7,3314

197,2000;-7,3312

197,6000;-7,3311

198,0000;-7,3309

198,4000;-7,3304

198,8000;-7,3296

199,2000;-7,3291

199,6000;-7,3293

200,0000;-7,3290

200,4000;-7,3287

200,8000;-7,3285

201,2000;-7,3283

201,6000;-7,3282

202,0000;-7,3275

202,4000;-7,3270

202,8000;-7,3262

203,2000;-7,3255

203,6000;-7,3249

204,0000;-7,3243

204,4000;-7,3239

204,8000;-7,3232

205,2000;-7,3237

205,6000;-7,3236

206,0000;-7,3233

206,4000;-7,3228

206,8000;-7,3225

207,2000;-7,3221

207,6000;-7,3217

208,0000;-7,3212

208,4000;-7,3206

208,8000;-7,3202

209,2000;-7,3200

209,6000;-7,3196

210,0000;-7,3190

210,4000;-7,3185

210,8000;-7,3185

211,2000;-7,3179

211,6000;-7,3180

212,0000;-7,3173

212,4000;-7,3167

212,8000;-7,3166

213,2000;-7,3159

213,6000;-7,3156

214,0000;-7,3154

214,4000;-7,3158

214,8000;-7,3153

215,2000;-7,3144

215,6000;-7,3139

216,0000;-7,3136

216,4000;-7,3133

216,8000;-7,3126

217,2000;-7,3122

217,6000;-7,3118

218,0000;-7,3116

218,4000;-7,3118

218,8000;-7,3118

219,2000;-7,3113

219,6000;-7,3107

220,0000;-7,3108

220,4000;-7,3103

220,8000;-7,3099

221,2000;-7,3094

221,6000;-7,3091

222,0000;-7,3086

222,4000;-7,3077

222,8000;-7,3076

223,2000;-7,3076

223,6000;-7,3099

224,0000;-7,3080

224,4000;-7,3082

224,8000;-7,3083

225,2000;-7,3083

225,6000;-7,3084

226,0000;-7,3084

226,4000;-7,3084

226,8000;-7,3084

227,2000;-7,3084

227,6000;-7,3084

228,0000;-7,3084

228,4000;-7,3083

228,8000;-7,3083

229,2000;-7,3082

229,6000;-7,3081

230,0000;-7,3081

230,4000;-7,3080

230,8000;-7,3079

231,2000;-7,3079

231,6000;-7,3078

232,0000;-7,3077

232,4000;-7,3077

232,8000;-7,3077

233,2000;-7,3076

233,6000;-7,3076

234,0000;-7,3076

234,4000;-7,3076

234,8000;-7,3075

235,2000;-7,3075

235,6000;-7,3075

236,0000;-7,3074

236,4000;-7,3074

236,8000;-7,3073

237,2000;-7,3073

237,6000;-7,3073

238,0000;-7,3073

238,4000;-7,3072

238,8000;-7,3072

239,2000;-7,3072

239,6000;-7,3072

240,0000;-7,3071

240,4000;-7,3071

240,8000;-7,3071

241,2000;-7,3071

241,6000;-7,3071

242,0000;-7,3070

242,4000;-7,3070

242,8000;-7,3070

243,2000;-7,3070

243,6000;-7,3069

244,0000;-7,3069

244,4000;-7,3069

244,8000;-7,3068

245,2000;-7,3068

245,6000;-7,3068

246,0000;-7,3067

246,4000;-7,3066

246,8000;-7,3066

247,2000;-7,3065

247,6000;-7,3064

248,0000;-7,3064

248,4000;-7,3063

248,8000;-7,3063

249,2000;-7,3062

249,6000;-7,3061

250,0000;-7,3061

250,4000;-7,3060

250,8000;-7,3060

251,2000;-7,3059

251,6000;-7,3059

252,0000;-7,3059

252,4000;-7,3058

252,8000;-7,3058

253,2000;-7,3058

253,6000;-7,3058

254,0000;-7,3057

254,4000;-7,3057

254,8000;-7,3057

255,2000;-7,3057

255,6000;-7,3056

256,0000;-7,3056

256,4000;-7,3056

256,8000;-7,3055

257,2000;-7,3055

257,6000;-7,3055

258,0000;-7,3054

258,4000;-7,3053

258,8000;-7,3053

259,2000;-7,3053

259,6000;-7,3052

260,0000;-7,3052

260,4000;-7,3051

260,8000;-7,3051

261,2000;-7,3050

261,6000;-7,3050

262,0000;-7,3049

262,4000;-7,3049

262,8000;-7,3048

263,2000;-7,3047

263,6000;-7,3047

264,0000;-7,3046

264,4000;-7,3046

264,8000;-7,3046

265,2000;-7,3045

265,6000;-7,3045

266,0000;-7,3044

266,4000;-7,3044

266,8000;-7,3043

267,2000;-7,3043

267,6000;-7,3042

268,0000;-7,3042

268,4000;-7,3042

268,8000;-7,3042

269,2000;-7,3041

269,6000;-7,3041

270,0000;-7,3041

270,4000;-7,3041

270,8000;-7,3040

271,2000;-7,3040

271,6000;-7,3041

272,0000;-7,3040

272,4000;-7,3040

272,8000;-7,3040

273,2000;-7,3040

273,6000;-7,3040

274,0000;-7,3040

274,4000;-7,3041

274,8000;-7,3041

275,2000;-7,3041

275,6000;-7,3041

276,0000;-7,3042

276,4000;-7,3042

276,8000;-7,3042

277,2000;-7,3042

277,6000;-7,3043

278,0000;-7,3043

278,4000;-7,3044

278,8000;-7,3044

279,2000;-7,3042

279,6000;-7,3044

280,0000;-7,3044

280,4000;-7,3045

280,8000;-7,3047

281,2000;-7,3051

281,6000;-7,3055

282,0000;-7,3060

282,4000;-7,3064

282,8000;-7,3099

283,2000;-7,3068

283,6000;-7,3093

284,0000;-7,3103

284,4000;-7,3108

284,8000;-7,3102

285,2000;-7,3100

285,6000;-7,3099

286,0000;-7,3098

286,4000;-7,3096

286,8000;-7,3092

287,2000;-7,3089

287,6000;-7,3087

288,0000;-7,3085

288,4000;-7,3084

288,8000;-7,3083

289,2000;-7,3081

289,6000;-7,3081

290,0000;-7,3080

290,4000;-7,3079

290,8000;-7,3078

291,2000;-7,3078

291,6000;-7,3081

292,0000;-7,3098

292,4000;-7,3112

292,8000;-7,3123

293,2000;-7,3131

293,6000;-7,3140

294,0000;-7,3146

294,4000;-7,3157

294,8000;-7,3160

295,2000;-7,3164

295,6000;-7,3167

296,0000;-7,3169

296,4000;-7,3173

296,8000;-7,3173

297,2000;-7,3175

297,6000;-7,3176

298,0000;-7,3176

298,4000;-7,3178

298,8000;-7,3175

299,2000;-7,3173

299,6000;-7,3170

300,0000;-7,3167

300,4000;-7,3170

300,8000;-7,3169

301,2000;-7,3168

301,6000;-7,3165

302,0000;-7,3162

302,4000;-7,3163

302,8000;-7,3167

303,2000;-7,3164

303,6000;-7,3161

304,0000;-7,3159

304,4000;-7,3156

304,8000;-7,3152

305,2000;-7,3150

305,6000;-7,3147

306,0000;-7,3145

306,4000;-7,3144

306,8000;-7,3141

307,2000;-7,3141

307,6000;-7,3142

308,0000;-7,3141

308,4000;-7,3139

308,8000;-7,3138

309,2000;-7,3136

309,6000;-7,3133

310,0000;-7,3132

310,4000;-7,3129

310,8000;-7,3128

311,2000;-7,3128

311,6000;-7,3127

312,0000;-7,3125

312,4000;-7,3124

312,8000;-7,3122

313,2000;-7,3120

313,6000;-7,3120

314,0000;-7,3118

314,4000;-7,3119

314,8000;-7,3119

315,2000;-7,3118

315,6000;-7,3116

316,0000;-7,3116

316,4000;-7,3114

316,8000;-7,3114

317,2000;-7,3113

317,6000;-7,3113

318,0000;-7,3112

318,4000;-7,3110

318,8000;-7,3110

319,2000;-7,3110

319,6000;-7,3111

320,0000;-7,3109

320,4000;-7,3110

320,8000;-7,3107

321,2000;-7,3107

321,6000;-7,3106

322,0000;-7,3105

322,4000;-7,3104

322,8000;-7,3103

323,2000;-7,3103

323,6000;-7,3103

324,0000;-7,3101

324,4000;-7,3101

324,8000;-7,3100

325,2000;-7,3100

325,6000;-7,3099

326,0000;-7,3098

326,4000;-7,3097

326,8000;-7,3097

327,2000;-7,3097

327,6000;-7,3096

328,0000;-7,3095

328,4000;-7,3094

328,8000;-7,3095

329,2000;-7,3094

329,6000;-7,3093

330,0000;-7,3092

330,4000;-7,3092

330,8000;-7,3092

331,2000;-7,3092

331,6000;-7,3091

332,0000;-7,3089

332,4000;-7,3088

332,8000;-7,3086

333,2000;-7,3085

333,6000;-7,3083

334,0000;-7,3079

334,4000;-7,3076

334,8000;-7,3073

335,2000;-7,3068

335,6000;-7,3062

336,0000;-7,3055

336,4000;-7,3048

336,8000;-7,3039

337,2000;-7,3029

337,6000;-7,3018

338,0000;-7,3008

338,4000;-7,2995

338,8000;-7,2981

339,2000;-7,2968

339,6000;-7,2954

340,0000;-7,2938

340,4000;-7,2922

340,8000;-7,2905

341,2000;-7,2888

341,6000;-7,2869

342,0000;-7,2852

342,4000;-7,2833

342,8000;-7,2814

343,2000;-7,2796

343,6000;-7,2778

344,0000;-7,2758

344,4000;-7,2737

344,8000;-7,2715

345,2000;-7,2697

345,6000;-7,2677

346,0000;-7,2652

346,4000;-7,2629

346,8000;-7,2607

347,2000;-7,2585

347,6000;-7,2561

348,0000;-7,2538

348,4000;-7,2514

348,8000;-7,2491

349,2000;-7,2467

349,6000;-7,2444

350,0000;-7,2420

350,4000;-7,2394

350,8000;-7,2368

351,2000;-7,2343

351,6000;-7,2318

352,0000;-7,2290

352,4000;-7,2264

352,8000;-7,2237

353,2000;-7,2211

353,6000;-7,2183

354,0000;-7,2156

354,4000;-7,2129

354,8000;-7,2101

355,2000;-7,2073

355,6000;-7,2044

356,0000;-7,2016

356,4000;-7,1987

356,8000;-7,1958

357,2000;-7,1929

357,6000;-7,1899

358,0000;-7,1870

358,4000;-7,1840

358,8000;-7,1810

359,2000;-7,1780

359,6000;-7,1751

360,0000;-7,1722

360,4000;-7,1696

360,8000;-7,1670

361,2000;-7,1643

361,6000;-7,1615

362,0000;-7,1589

362,4000;-7,1561

362,8000;-7,1535

363,2000;-7,1509

363,6000;-7,1483

364,0000;-7,1457

364,4000;-7,1431

364,8000;-7,1405

365,2000;-7,1380

365,6000;-7,1356

366,0000;-7,1333

366,4000;-7,1311

366,8000;-7,1287

367,2000;-7,1263

367,6000;-7,1241

368,0000;-7,1219

368,4000;-7,1197

368,8000;-7,1175

369,2000;-7,1155

369,6000;-7,1134

370,0000;-7,1115

370,4000;-7,1094

370,8000;-7,1074

371,2000;-7,1055

371,6000;-7,1035

372,0000;-7,1017

372,4000;-7,0998

372,8000;-7,0979

373,2000;-7,0962

373,6000;-7,0946

374,0000;-7,0930

374,4000;-7,0914

374,8000;-7,0898

375,2000;-7,0881

375,6000;-7,0864

376,0000;-7,0848

376,4000;-7,0832

376,8000;-7,0816

377,2000;-7,0802

377,6000;-7,0787

378,0000;-7,0773

378,4000;-7,0759

378,8000;-7,0746

379,2000;-7,0733

379,6000;-7,0720

380,0000;-7,0707

380,4000;-7,0695

380,8000;-7,0683

381,2000;-7,0671

381,6000;-7,0659

382,0000;-7,0648

382,4000;-7,0637

382,8000;-7,0626

383,2000;-7,0614

383,6000;-7,0603

384,0000;-7,0593

384,4000;-7,0583

384,8000;-7,0572

385,2000;-7,0562

385,6000;-7,0552

386,0000;-7,0541

386,4000;-7,0531

386,8000;-7,0521

387,2000;-7,0515

387,6000;-7,0507

388,0000;-7,0499

388,4000;-7,0491

388,8000;-7,0483

389,2000;-7,0475

389,6000;-7,0467

390,0000;-7,0459

390,4000;-7,0450

390,8000;-7,0442

391,2000;-7,0433

391,6000;-7,0425

392,0000;-7,0418

392,4000;-7,0409

392,8000;-7,0401

393,2000;-7,0392

393,6000;-7,0385

394,0000;-7,0376

394,4000;-7,0368

394,8000;-7,0361

395,2000;-7,0353

395,6000;-7,0344

396,0000;-7,0336

396,4000;-7,0328

396,8000;-7,0320

397,2000;-7,0312

397,6000;-7,0304

398,0000;-7,0296

398,4000;-7,0289

398,8000;-7,0281

399,2000;-7,0272

399,6000;-7,0264

400,0000;-7,0256

400,4000;-7,0248

400,8000;-7,0241

401,2000;-7,0234

401,6000;-7,0226

402,0000;-7,0218

402,4000;-7,0211

402,8000;-7,0204

403,2000;-7,0197

403,6000;-7,0190

404,0000;-7,0183

404,4000;-7,0176

404,8000;-7,0169

405,2000;-7,0162

405,6000;-7,0155

406,0000;-7,0148

406,4000;-7,0141

406,8000;-7,0134

407,2000;-7,0127

407,6000;-7,0120

408,0000;-7,0113

408,4000;-7,0107

408,8000;-7,0099

409,2000;-7,0093

409,6000;-7,0086

410,0000;-7,0080

410,4000;-7,0073

410,8000;-7,0066

411,2000;-7,0060

411,6000;-7,0053

412,0000;-7,0046

412,4000;-7,0040

412,8000;-7,0033

413,2000;-7,0027

413,6000;-7,0020

414,0000;-7,0014

414,4000;-7,0008

414,8000;-7,0002

415,2000;-6,9995

415,6000;-6,9989

416,0000;-6,9983

416,4000;-6,9977

416,8000;-6,9972

417,2000;-6,9965

417,6000;-6,9959

418,0000;-6,9953

418,4000;-6,9947

418,8000;-6,9941

419,2000;-6,9936

419,6000;-6,9930

420,0000;-6,9924

420,4000;-6,9918

420,8000;-6,9912

421,2000;-6,9907

421,6000;-6,9901

422,0000;-6,9896

422,4000;-6,9890

422,8000;-6,9884

423,2000;-6,9879

423,6000;-6,9874

424,0000;-6,9868

424,4000;-6,9863

424,8000;-6,9858

425,2000;-6,9852

425,6000;-6,9847

426,0000;-6,9841

426,4000;-6,9835

426,8000;-6,9830

427,2000;-6,9825

427,6000;-6,9820

428,0000;-6,9814

428,4000;-6,9809

428,8000;-6,9804

429,2000;-6,9799

429,6000;-6,9793

430,0000;-6,9788

430,4000;-6,9782

430,8000;-6,9778

431,2000;-6,9773

431,6000;-6,9768

432,0000;-6,9762

432,4000;-6,9757

432,8000;-6,9752

433,2000;-6,9747

433,6000;-6,9742

434,0000;-6,9737

434,4000;-6,9732

434,8000;-6,9728

435,2000;-6,9723

435,6000;-6,9719

436,0000;-6,9714

436,4000;-6,9709

436,8000;-6,9704

437,2000;-6,9699

437,6000;-6,9695

438,0000;-6,9690

438,4000;-6,9686

438,8000;-6,9681

439,2000;-6,9676

439,6000;-6,9672

440,0000;-6,9668

440,4000;-6,9663

440,8000;-6,9659

441,2000;-6,9654

441,6000;-6,9649

442,0000;-6,9645

442,4000;-6,9641

442,8000;-6,9637

443,2000;-6,9633

443,6000;-6,9628

444,0000;-6,9623

444,4000;-6,9619

444,8000;-6,9615

445,2000;-6,9611

445,6000;-6,9606

446,0000;-6,9601

446,4000;-6,9597

446,8000;-6,9593

447,2000;-6,9589

447,6000;-6,9585

448,0000;-6,9581

448,4000;-6,9577

448,8000;-6,9573

449,2000;-6,9569

449,6000;-6,9565

450,0000;-6,9560

450,4000;-6,9556

450,8000;-6,9552

451,2000;-6,9548

451,6000;-6,9544

452,0000;-6,9540

452,4000;-6,9537

452,8000;-6,9533

453,2000;-6,9528

453,6000;-6,9524

454,0000;-6,9521

454,4000;-6,9517

454,8000;-6,9513

455,2000;-6,9509

455,6000;-6,9505

456,0000;-6,9501

456,4000;-6,9498

456,8000;-6,9494

457,2000;-6,9491

457,6000;-6,9487

458,0000;-6,9483

458,4000;-6,9479

458,8000;-6,9475

459,2000;-6,9471

459,6000;-6,9468

460,0000;-6,9464

460,4000;-6,9460

460,8000;-6,9457

461,2000;-6,9453

461,6000;-6,9450

462,0000;-6,9446

462,4000;-6,9443

462,8000;-6,9440

463,2000;-6,9436

463,6000;-6,9432

464,0000;-6,9429

464,4000;-6,9425

464,8000;-6,9422

465,2000;-6,9419

465,6000;-6,9415

466,0000;-6,9412

466,4000;-6,9408

466,8000;-6,9405

467,2000;-6,9402

467,6000;-6,9399

468,0000;-6,9395

468,4000;-6,9391

468,8000;-6,9388

469,2000;-6,9385

469,6000;-6,9382

470,0000;-6,9379

470,4000;-6,9375

470,8000;-6,9372

471,2000;-6,9369

471,6000;-6,9366

472,0000;-6,9363

472,4000;-6,9359

472,8000;-6,9356

473,2000;-6,9352

473,6000;-6,9350

474,0000;-6,9347

474,4000;-6,9344

474,8000;-6,9341

475,2000;-6,9338

475,6000;-6,9334

476,0000;-6,9331

476,4000;-6,9328

476,8000;-6,9325

477,2000;-6,9321

477,6000;-6,9318

478,0000;-6,9315

478,4000;-6,9312

478,8000;-6,9310

479,2000;-6,9306

479,6000;-6,9303

480,0000;-6,9300

480,4000;-6,9298

480,8000;-6,9296

481,2000;-6,9292

481,6000;-6,9289

482,0000;-6,9287

482,4000;-6,9284

482,8000;-6,9281

483,2000;-6,9277

483,6000;-6,9275

484,0000;-6,9273

484,4000;-6,9271

484,8000;-6,9268

485,2000;-6,9265

485,6000;-6,9262

486,0000;-6,9258

486,4000;-6,9255

486,8000;-6,9253

487,2000;-6,9250

487,6000;-6,9247

488,0000;-6,9246

488,4000;-6,9242

488,8000;-6,9240

489,2000;-6,9237

489,6000;-6,9234

490,0000;-6,9231

490,4000;-6,9229

490,8000;-6,9226

491,2000;-6,9224

491,6000;-6,9221

492,0000;-6,9221

492,4000;-6,9218

492,8000;-6,9215

493,2000;-6,9212

493,6000;-6,9209

494,0000;-6,9207

494,4000;-6,9204

494,8000;-6,9201

495,2000;-6,9199

495,6000;-6,9198

496,0000;-6,9196

496,4000;-6,9193

496,8000;-6,9191

497,2000;-6,9188

497,6000;-6,9186

498,0000;-6,9183

498,4000;-6,9180

498,8000;-6,9179

499,2000;-6,9176

499,6000;-6,9173

500,0000;-6,9170

500,4000;-6,9168

500,8000;-6,9166

501,2000;-6,9164

501,6000;-6,9161

502,0000;-6,9159

502,4000;-6,9156

502,8000;-6,9154

503,2000;-6,9150

503,6000;-6,9149

504,0000;-6,9147

504,4000;-6,9144

504,8000;-6,9142

505,2000;-6,9140

505,6000;-6,9137

506,0000;-6,9135

506,4000;-6,9133

506,8000;-6,9131

507,2000;-6,9128

507,6000;-6,9125

508,0000;-6,9124

508,4000;-6,9121

508,8000;-6,9118

509,2000;-6,9116

509,6000;-6,9114

510,0000;-6,9113

510,4000;-6,9111

510,8000;-6,9108

511,2000;-6,9106

511,6000;-6,9104

512,0000;-6,9102

512,4000;-6,9100

512,8000;-6,9098

513,2000;-6,9095

513,6000;-6,9092

514,0000;-6,9091

514,4000;-6,9090

514,8000;-6,9087

515,2000;-6,9085

515,6000;-6,9082

516,0000;-6,9080

516,4000;-6,9078

516,8000;-6,9076

517,2000;-6,9074

517,6000;-6,9072

518,0000;-6,9070

518,4000;-6,9068

518,8000;-6,9067

519,2000;-6,9064

519,6000;-6,9062

520,0000;-6,9060

520,4000;-6,9060

520,8000;-6,9059

521,2000;-6,9056

521,6000;-6,9054

522,0000;-6,9053

522,4000;-6,9052

522,8000;-6,9050

523,2000;-6,9049

523,6000;-6,9049

524,0000;-6,9047

524,4000;-6,9045

524,8000;-6,9043

525,2000;-6,9041

525,6000;-6,9040

526,0000;-6,9037

526,4000;-6,9035

526,8000;-6,9033

527,2000;-6,9031

527,6000;-6,9029

528,0000;-6,9028

528,4000;-6,9026

528,8000;-6,9023

529,2000;-6,9020

529,6000;-6,9017

530,0000;-6,9015

530,4000;-6,9013

530,8000;-6,9011

531,2000;-6,9009

531,6000;-6,9006

532,0000;-6,9005

532,4000;-6,9004

532,8000;-6,9002

533,2000;-6,8999

533,6000;-6,8998

534,0000;-6,8996

534,4000;-6,8993

534,8000;-6,8992

535,2000;-6,8991

535,6000;-6,8988

536,0000;-6,8986

536,4000;-6,8984

536,8000;-6,8982

537,2000;-6,8979

537,6000;-6,8978

538,0000;-6,8977

538,4000;-6,8974

538,8000;-6,8972

539,2000;-6,8970

539,6000;-6,8968

540,0000;-6,8968

540,4000;-6,8965

540,8000;-6,8963

541,2000;-6,8961

541,6000;-6,8960

542,0000;-6,8958

542,4000;-6,8956

542,8000;-6,8954

543,2000;-6,8952

543,6000;-6,8951

544,0000;-6,8950

544,4000;-6,8948

544,8000;-6,8946

545,2000;-6,8946

545,6000;-6,8943

546,0000;-6,8943

546,4000;-6,8940

546,8000;-6,8938

547,2000;-6,8936

547,6000;-6,8934

548,0000;-6,8932

548,4000;-6,8934

548,8000;-6,8932

549,2000;-6,8930

549,6000;-6,8928

550,0000;-6,8926

550,4000;-6,8924

550,8000;-6,8922

551,2000;-6,8919

551,6000;-6,8918

552,0000;-6,8916

552,4000;-6,8914

552,8000;-6,8913

553,2000;-6,8911

553,6000;-6,8909

554,0000;-6,8907

554,4000;-6,8907

554,8000;-6,8906

555,2000;-6,8904

555,6000;-6,8903

556,0000;-6,8901

556,4000;-6,8900

556,8000;-6,8898

557,2000;-6,8896

557,6000;-6,8894

558,0000;-6,8893

558,4000;-6,8891

558,8000;-6,8890

559,2000;-6,8889

559,6000;-6,8888

560,0000;-6,8886

560,4000;-6,8886

560,8000;-6,8885

561,2000;-6,8883

561,6000;-6,8881

562,0000;-6,8880

562,4000;-6,8878

562,8000;-6,8876

563,2000;-6,8874

563,6000;-6,8873

564,0000;-6,8871

564,4000;-6,8870

564,8000;-6,8869

565,2000;-6,8867

565,6000;-6,8866

566,0000;-6,8864

566,4000;-6,8863

566,8000;-6,8862

567,2000;-6,8860

567,6000;-6,8858

568,0000;-6,8857

568,4000;-6,8856

568,8000;-6,8856

569,2000;-6,8854

569,6000;-6,8852

570,0000;-6,8850

570,4000;-6,8849

570,8000;-6,8848

571,2000;-6,8846

571,6000;-6,8845

572,0000;-6,8844

572,4000;-6,8842

572,8000;-6,8841

573,2000;-6,8839

573,6000;-6,8838

574,0000;-6,8836

574,4000;-6,8835

574,8000;-6,8835

575,2000;-6,8834

575,6000;-6,8833

576,0000;-6,8831

576,4000;-6,8831

576,8000;-6,8831

577,2000;-6,8830

577,6000;-6,8828

578,0000;-6,8825

578,4000;-6,8824

578,8000;-6,8824

579,2000;-6,8822

579,6000;-6,8820

580,0000;-6,8819

580,4000;-6,8820

580,8000;-6,8817

581,2000;-6,8816

581,6000;-6,8814

582,0000;-6,8813

582,4000;-6,8813

582,8000;-6,8811

583,2000;-6,8810

583,6000;-6,8808

584,0000;-6,8806

584,4000;-6,8805

584,8000;-6,8804

585,2000;-6,8802

585,6000;-6,8801

586,0000;-6,8799

586,4000;-6,8798

586,8000;-6,8799

587,2000;-6,8797

587,6000;-6,8796

588,0000;-6,8795

588,4000;-6,8795

588,8000;-6,8794

589,2000;-6,8793

589,6000;-6,8791

590,0000;-6,8790

590,4000;-6,8789

590,8000;-6,8787

591,2000;-6,8788

591,6000;-6,8787

592,0000;-6,8785

592,4000;-6,8784

592,8000;-6,8784

593,2000;-6,8782

593,6000;-6,8781

594,0000;-6,8779

594,4000;-6,8778

594,8000;-6,8777

595,2000;-6,8776

595,6000;-6,8775

596,0000;-6,8774

596,4000;-6,8772

596,8000;-6,8772

597,2000;-6,8770

597,6000;-6,8768

598,0000;-6,8767

598,4000;-6,8766

598,8000;-6,8765

599,2000;-6,8764

599,6000;-6,8762

600,0000;-6,8761

600,4000;-6,8760

600,8000;-6,8759

601,2000;-6,8760

601,6000;-6,8759

602,0000;-6,8757

602,4000;-6,8756

602,8000;-6,8755

603,2000;-6,8754

603,6000;-6,8754

604,0000;-6,8753

604,4000;-6,8752

604,8000;-6,8753

605,2000;-6,8751

605,6000;-6,8749

606,0000;-6,8748

606,4000;-6,8748

606,8000;-6,8746

607,2000;-6,8746

607,6000;-6,8745

608,0000;-6,8744

608,4000;-6,8744

608,8000;-6,8742

609,2000;-6,8742

609,6000;-6,8741

610,0000;-6,8739

610,4000;-6,8738

610,8000;-6,8736

611,2000;-6,8735

611,6000;-6,8735

612,0000;-6,8733

612,4000;-6,8732

612,8000;-6,8731

613,2000;-6,8731

613,6000;-6,8731

614,0000;-6,8730

614,4000;-6,8728

614,8000;-6,8727

615,2000;-6,8726

615,6000;-6,8725

616,0000;-6,8723

616,4000;-6,8722

616,8000;-6,8721

617,2000;-6,8720

617,6000;-6,8718

618,0000;-6,8717

618,4000;-6,8716

618,8000;-6,8715

619,2000;-6,8715

619,6000;-6,8713

620,0000;-6,8712

620,4000;-6,8710

620,8000;-6,8709

621,2000;-6,8709

621,6000;-6,8708

622,0000;-6,8707

622,4000;-6,8706

622,8000;-6,8706

623,2000;-6,8705

623,6000;-6,8704

624,0000;-6,8702

624,4000;-6,8702

624,8000;-6,8700

625,2000;-6,8699

625,6000;-6,8699

626,0000;-6,8697

626,4000;-6,8696

626,8000;-6,8695

627,2000;-6,8696

627,6000;-6,8695

628,0000;-6,8693

628,4000;-6,8692

628,8000;-6,8691

629,2000;-6,8690

629,6000;-6,8689

630,0000;-6,8688

630,4000;-6,8687

630,8000;-6,8686

631,2000;-6,8686

631,6000;-6,8686

632,0000;-6,8685

632,4000;-6,8683

632,8000;-6,8683

633,2000;-6,8681

633,6000;-6,8680

634,0000;-6,8684

634,4000;-6,8682

634,8000;-6,8680

635,2000;-6,8679

635,6000;-6,8679

636,0000;-6,8678

636,4000;-6,8677

636,8000;-6,8675

637,2000;-6,8674

637,6000;-6,8673

638,0000;-6,8671

638,4000;-6,8670

638,8000;-6,8669

639,2000;-6,8669

639,6000;-6,8668

640,0000;-6,8667

640,4000;-6,8665

640,8000;-6,8665

641,2000;-6,8663

641,6000;-6,8662

642,0000;-6,8661

642,4000;-6,8661

642,8000;-6,8661

643,2000;-6,8659

643,6000;-6,8658

644,0000;-6,8657

644,4000;-6,8656

644,8000;-6,8655

645,2000;-6,8655

645,6000;-6,8654

646,0000;-6,8653

646,4000;-6,8652

646,8000;-6,8652

647,2000;-6,8652

647,6000;-6,8653

648,0000;-6,8651

648,4000;-6,8651

648,8000;-6,8650

649,2000;-6,8649

649,6000;-6,8648

650,0000;-6,8648

650,4000;-6,8646

650,8000;-6,8645

651,2000;-6,8644

651,6000;-6,8644

652,0000;-6,8644

652,4000;-6,8645

652,8000;-6,8644

653,2000;-6,8643

653,6000;-6,8642

654,0000;-6,8641

654,4000;-6,8640

654,8000;-6,8639

655,2000;-6,8640

655,6000;-6,8639

656,0000;-6,8638

656,4000;-6,8637

656,8000;-6,8637

657,2000;-6,8635

657,6000;-6,8633

658,0000;-6,8632

658,4000;-6,8631

658,8000;-6,8631

659,2000;-6,8629

659,6000;-6,8628

660,0000;-6,8627

660,4000;-6,8626

660,8000;-6,8625

661,2000;-6,8624

661,6000;-6,8624

662,0000;-6,8625

662,4000;-6,8624

662,8000;-6,8623

663,2000;-6,8622

663,6000;-6,8621

664,0000;-6,8620

664,4000;-6,8619

664,8000;-6,8619

665,2000;-6,8617

665,6000;-6,8617

666,0000;-6,8615

666,4000;-6,8614

666,8000;-6,8614

667,2000;-6,8612

667,6000;-6,8612

668,0000;-6,8612

668,4000;-6,8611

668,8000;-6,8610

669,2000;-6,8615

669,6000;-6,8613

670,0000;-6,8612

670,4000;-6,8611

670,8000;-6,8609

671,2000;-6,8615

671,6000;-6,8612

672,0000;-6,8610

672,4000;-6,8608

672,8000;-6,8607

673,2000;-6,8606

673,6000;-6,8605

674,0000;-6,8604

674,4000;-6,8603

674,8000;-6,8602

675,2000;-6,8602

675,6000;-6,8601

676,0000;-6,8600

676,4000;-6,8599

676,8000;-6,8597

677,2000;-6,8597

677,6000;-6,8597

678,0000;-6,8595

678,4000;-6,8594

678,8000;-6,8594

679,2000;-6,8593

679,6000;-6,8592

680,0000;-6,8591

680,4000;-6,8590

680,8000;-6,8590

681,2000;-6,8589

681,6000;-6,8588

682,0000;-6,8587

682,4000;-6,8587

682,8000;-6,8586

683,2000;-6,8586

683,6000;-6,8585

684,0000;-6,8584

684,4000;-6,8583

684,8000;-6,8583

685,2000;-6,8583

685,6000;-6,8582

686,0000;-6,8582

686,4000;-6,8581

686,8000;-6,8580

687,2000;-6,8580

687,6000;-6,8581

688,0000;-6,8582

688,4000;-6,8581

688,8000;-6,8580

689,2000;-6,8579

689,6000;-6,8578

690,0000;-6,8577

690,4000;-6,8576

690,8000;-6,8575

691,2000;-6,8576

691,6000;-6,8579

692,0000;-6,8578

692,4000;-6,8576

692,8000;-6,8575

693,2000;-6,8574

693,6000;-6,8573

694,0000;-6,8574

694,4000;-6,8573

694,8000;-6,8571

695,2000;-6,8572

695,6000;-6,8570

696,0000;-6,8571

696,4000;-6,8569

696,8000;-6,8568

697,2000;-6,8568

697,6000;-6,8569

698,0000;-6,8566

698,4000;-6,8565

698,8000;-6,8565

699,2000;-6,8565

699,6000;-6,8563

700,0000;-6,8561

700,4000;-6,8561

700,8000;-6,8564

701,2000;-6,8566

701,6000;-6,8563

702,0000;-6,8562

702,4000;-6,8560

702,8000;-6,8558

703,2000;-6,8558

703,6000;-6,8557

704,0000;-6,8555

704,4000;-6,8556

704,8000;-6,8554

705,2000;-6,8552

705,6000;-6,8551

706,0000;-6,8550

706,4000;-6,8549

706,8000;-6,8549

707,2000;-6,8548

707,6000;-6,8547

708,0000;-6,8546

708,4000;-6,8545

708,8000;-6,8544

709,2000;-6,8544

709,6000;-6,8543

710,0000;-6,8542

710,4000;-6,8541

710,8000;-6,8540

711,2000;-6,8539

711,6000;-6,8538

712,0000;-6,8538

712,4000;-6,8537

712,8000;-6,8536

713,2000;-6,8536

713,6000;-6,8535

714,0000;-6,8536

714,4000;-6,8536

714,8000;-6,8536

715,2000;-6,8534

715,6000;-6,8533

716,0000;-6,8533

716,4000;-6,8532

716,8000;-6,8531

717,2000;-6,8530

717,6000;-6,8530

718,0000;-6,8529

718,4000;-6,8529

718,8000;-6,8528

719,2000;-6,8528

719,6000;-6,8527

720,0000;-6,8526

720,4000;-6,8526

720,8000;-6,8525

721,2000;-6,8526

