0,0000;-5,7181
0,4000;-5,7190
0,8000;-5,7199
1,2000;-5,7209
1,6000;-5,7219
2,0000;-5,7228
2,4000;-5,7238
2,8000;-5,7249
3,2000;-5,7259
3,6000;-5,7269
4,0000;-5,7277
4,4000;-5,7285
4,8000;-5,7293
5,2000;-5,7301
5,6000;-5,7307
6,0000;-5,7313
6,4000;-5,7318
6,8000;-5,7322
7,2000;-5,7324
7,6000;-5,7325
8,0000;-5,7324
8,4000;-5,7322
8,8000;-5,7320
9,2000;-5,7318
9,6000;-5,7316
10,0000;-5,7312
10,4000;-5,7308
10,8000;-5,7304
11,2000;-5,7299
11,6000;-5,7293
12,0000;-5,7287
12,4000;-5,7279
12,8000;-5,7270
13,2000;-5,7259
13,6000;-5,7247
14,0000;-5,7234
14,4000;-5,7220
14,8000;-5,7206
15,2000;-5,7192
15,6000;-5,7177
16,0000;-5,7161
16,4000;-5,7142
16,8000;-5,7122
17,2000;-5,7100
17,6000;-5,7078
18,0000;-5,7056
18,4000;-5,7032
18,8000;-5,7008
19,2000;-5,6983
19,6000;-5,6957
20,0000;-5,6930
20,4000;-5,6902
20,8000;-5,6872
21,2000;-5,6841
21,6000;-5,6810
22,0000;-5,6778
22,4000;-5,6746
22,8000;-5,6714
23,2000;-5,6682
23,6000;-5,6649
24,0000;-5,6618
24,4000;-5,6588
24,8000;-5,6557
25,2000;-5,6526
25,6000;-5,6494
26,0000;-5,6460
26,4000;-5,6423
26,8000;-5,6385
27,2000;-5,6346
27,6000;-5,6307
28,0000;-5,6269
28,4000;-5,6230
28,8000;-5,6190
29,2000;-5,6149
29,6000;-5,6106
30,0000;-5,6062
30,4000;-5,6015
30,8000;-5,5967
31,2000;-5,5919
31,6000;-5,5868
32,0000;-5,5817
32,4000;-5,5766
32,8000;-5,5716
33,2000;-5,5666
33,6000;-5,5615
34,0000;-5,5561
34,4000;-5,5505
34,8000;-5,5450
35,2000;-5,5396
35,6000;-5,5340
36,0000;-5,5284
36,4000;-5,5229
36,8000;-5,5173
37,2000;-5,5120
37,6000;-5,5067
38,0000;-5,5015
38,4000;-5,4963
38,8000;-5,4913
39,2000;-5,4863
39,6000;-5,4815
40,0000;-5,4767
40,4000;-5,4722
40,8000;-5,4677
41,2000;-5,4634
41,6000;-5,4593
42,0000;-5,4551
42,4000;-5,4509
42,8000;-5,4468
43,2000;-5,4427
43,6000;-5,4386
44,0000;-5,4345
44,4000;-5,4306
44,8000;-5,4267
45,2000;-5,4229
45,6000;-5,4192
46,0000;-5,4157
46,4000;-5,4124
46,8000;-5,4091
47,2000;-5,4057
47,6000;-5,4024
48,0000;-5,3991
48,4000;-5,3959
48,8000;-5,3927
49,2000;-5,3895
49,6000;-5,3864
50,0000;-5,3832
50,4000;-5,3801
50,8000;-5,3770
51,2000;-5,3740
51,6000;-5,3709
52,0000;-5,3679
52,4000;-5,3649
52,8000;-5,3618
53,2000;-5,3588
53,6000;-5,3557
54,0000;-5,3527
54,4000;-5,3497
54,8000;-5,3467
55,2000;-5,3437
55,6000;-5,3406
56,0000;-5,3375
56,4000;-5,3342
56,8000;-5,3309
57,2000;-5,3276
57,6000;-5,3243
58,0000;-5,3210
58,4000;-5,3177
58,8000;-5,3145
59,2000;-5,3113
59,6000;-5,3081
60,0000;-5,3050
60,4000;-5,3021
60,8000;-5,2992
61,2000;-5,2964
61,6000;-5,2937
62,0000;-5,2910
62,4000;-5,2884
62,8000;-5,2859
63,2000;-5,2834
63,6000;-5,2809
64,0000;-5,2784
64,4000;-5,2761
64,8000;-5,2736
65,2000;-5,2712
65,6000;-5,2688
66,0000;-5,2665
66,4000;-5,2642
66,8000;-5,2620
67,2000;-5,2597
67,6000;-5,2575
68,0000;-5,2552
68,4000;-5,2529
68,8000;-5,2505
69,2000;-5,2481
69,6000;-5,2457
70,0000;-5,2432
70,4000;-5,2407
70,8000;-5,2382
71,2000;-5,2357
71,6000;-5,2333
72,0000;-5,2308
72,4000;-5,2282
72,8000;-5,2256
73,2000;-5,2228
73,6000;-5,2200
74,0000;-5,2171
74,4000;-5,2142
74,8000;-5,2111
75,2000;-5,2079
75,6000;-5,2047
76,0000;-5,2014
76,4000;-5,1980
76,8000;-5,1944
77,2000;-5,1908
77,6000;-5,1869
78,0000;-5,1829
78,4000;-5,1787
78,8000;-5,1744
79,2000;-5,1700
79,6000;-5,1654
80,0000;-5,1608
80,4000;-5,1560
80,8000;-5,1513
81,2000;-5,1464
81,6000;-5,1414
82,0000;-5,1363
82,4000;-5,1311
82,8000;-5,1258
83,2000;-5,1203
83,6000;-5,1148
84,0000;-5,1091
84,4000;-5,1034
84,8000;-5,0976
85,2000;-5,0916
85,6000;-5,0856
86,0000;-5,0795
86,4000;-5,0733
86,8000;-5,0671
87,2000;-5,0609
87,6000;-5,0548
88,0000;-5,0487
88,4000;-5,0425
88,8000;-5,0364
89,2000;-5,0304
89,6000;-5,0244
90,0000;-5,0184
90,4000;-5,0124
90,8000;-5,0065
91,2000;-5,0006
91,6000;-4,9947
92,0000;-4,9888
92,4000;-4,9830
92,8000;-4,9772
93,2000;-4,9715
93,6000;-4,9658
94,0000;-4,9601
94,4000;-4,9546
94,8000;-4,9490
95,2000;-4,9437
95,6000;-4,9383
96,0000;-4,9330
96,4000;-4,9277
96,8000;-4,9224
97,2000;-4,9172
97,6000;-4,9120
98,0000;-4,9068
98,4000;-4,9017
98,8000;-4,8967
99,2000;-4,8917
99,6000;-4,8868
100,0000;-4,8819
100,4000;-4,8771
100,8000;-4,8724
101,2000;-4,8677
101,6000;-4,8630
102,0000;-4,8584
102,4000;-4,8539
102,8000;-4,8494
103,2000;-4,8449
103,6000;-4,8405
104,0000;-4,8362
104,4000;-4,8318
104,8000;-4,8275
105,2000;-4,8233
105,6000;-4,8191
106,0000;-4,8149
106,4000;-4,8107
106,8000;-4,8066
107,2000;-4,8026
107,6000;-4,7985
108,0000;-4,7945
108,4000;-4,7906
108,8000;-4,7867
109,2000;-4,7829
109,6000;-4,7791
110,0000;-4,7754
110,4000;-4,7717
110,8000;-4,7680
111,2000;-4,7643
111,6000;-4,7607
112,0000;-4,7570
112,4000;-4,7534
112,8000;-4,7498
113,2000;-4,7463
113,6000;-4,7428
114,0000;-4,7393
114,4000;-4,7359
114,8000;-4,7326
115,2000;-4,7293
115,6000;-4,7260
116,0000;-4,7228
116,4000;-4,7197
116,8000;-4,7166
117,2000;-4,7136
117,6000;-4,7106
118,0000;-4,7077
118,4000;-4,7048
118,8000;-4,7019
119,2000;-4,6990
119,6000;-4,6962
120,0000;-4,6934
120,4000;-4,6907
120,8000;-4,6880
121,2000;-4,6854
121,6000;-4,6828
122,0000;-4,6802
122,4000;-4,6777
122,8000;-4,6752
123,2000;-4,6728
123,6000;-4,6703
124,0000;-4,6680
124,4000;-4,6656
124,8000;-4,6632
125,2000;-4,6609
125,6000;-4,6586
126,0000;-4,6563
126,4000;-4,6541
126,8000;-4,6518
127,2000;-4,6496
127,6000;-4,6474
128,0000;-4,6452
128,4000;-4,6430
128,8000;-4,6409
129,2000;-4,6387
129,6000;-4,6364
130,0000;-4,6342
130,4000;-4,6320
130,8000;-4,6299
131,2000;-4,6277
131,6000;-4,6255
132,0000;-4,6233
132,4000;-4,6211
132,8000;-4,6190
133,2000;-4,6168
133,6000;-4,6147
134,0000;-4,6125
134,4000;-4,6104
134,8000;-4,6082
135,2000;-4,6060
135,6000;-4,6038
136,0000;-4,6016
136,4000;-4,5994
136,8000;-4,5973
137,2000;-4,5952
137,6000;-4,5932
138,0000;-4,5912
138,4000;-4,5893
138,8000;-4,5875
139,2000;-4,5856
139,6000;-4,5838
140,0000;-4,5820
140,4000;-4,5801
140,8000;-4,5783
141,2000;-4,5765
141,6000;-4,5747
142,0000;-4,5729
142,4000;-4,5710
142,8000;-4,5691
143,2000;-4,5672
143,6000;-4,5654
144,0000;-4,5635
144,4000;-4,5616
144,8000;-4,5597
145,2000;-4,5579
145,6000;-4,5560
146,0000;-4,5541
146,4000;-4,5523
146,8000;-4,5505
147,2000;-4,5487
147,6000;-4,5470
148,0000;-4,5453
148,4000;-4,5436
148,8000;-4,5420
149,2000;-4,5404
149,6000;-4,5388
150,0000;-4,5372
150,4000;-4,5357
150,8000;-4,5341
151,2000;-4,5326
151,6000;-4,5311
152,0000;-4,5297
152,4000;-4,5282
152,8000;-4,5267
153,2000;-4,5252
153,6000;-4,5237
154,0000;-4,5222
154,4000;-4,5207
154,8000;-4,5192
155,2000;-4,5176
155,6000;-4,5159
156,0000;-4,5142
156,4000;-4,5124
156,8000;-4,5107
157,2000;-4,5091
157,6000;-4,5074
158,0000;-4,5060
158,4000;-4,5044
158,8000;-4,5028
159,2000;-4,5012
159,6000;-4,4994
160,0000;-4,4976
160,4000;-4,4958
160,8000;-4,4941
161,2000;-4,4923
161,6000;-4,4905
162,0000;-4,4889
162,4000;-4,4873
162,8000;-4,4856
163,2000;-4,4840
163,6000;-4,4823
164,0000;-4,4808
164,4000;-4,4792
164,8000;-4,4775
165,2000;-4,4759
165,6000;-4,4742
166,0000;-4,4727
166,4000;-4,4711
166,8000;-4,4695
167,2000;-4,4679
167,6000;-4,4662
168,0000;-4,4646
168,4000;-4,4630
168,8000;-4,4614
169,2000;-4,4599
169,6000;-4,4584
170,0000;-4,4569
170,4000;-4,4554
170,8000;-4,4542
171,2000;-4,4529
171,6000;-4,4516
172,0000;-4,4503
172,4000;-4,4491
172,8000;-4,4479
173,2000;-4,4467
173,6000;-4,4458
174,0000;-4,4447
174,4000;-4,4436
174,8000;-4,4424
175,2000;-4,4414
175,6000;-4,4404
176,0000;-4,4393
176,4000;-4,4382
176,8000;-4,4371
177,2000;-4,4359
177,6000;-4,4347
178,0000;-4,4335
178,4000;-4,4322
178,8000;-4,4308
179,2000;-4,4293
179,6000;-4,4278
180,0000;-4,4262
180,4000;-4,4246
180,8000;-4,4229
181,2000;-4,4211
181,6000;-4,4194
182,0000;-4,4175
182,4000;-4,4156
182,8000;-4,4137
183,2000;-4,4119
183,6000;-4,4101
184,0000;-4,4082
184,4000;-4,4064
184,8000;-4,4046
185,2000;-4,4030
185,6000;-4,4016
186,0000;-4,4002
186,4000;-4,3988
186,8000;-4,3977
187,2000;-4,3967
187,6000;-4,3960
188,0000;-4,3952
188,4000;-4,3943
188,8000;-4,3937
189,2000;-4,3930
189,6000;-4,3923
190,0000;-4,3915
190,4000;-4,3906
190,8000;-4,3896
191,2000;-4,3889
191,6000;-4,3881
192,0000;-4,3872
192,4000;-4,3864
192,8000;-4,3855
193,2000;-4,3846
193,6000;-4,3835
194,0000;-4,3824
194,4000;-4,3813
194,8000;-4,3801
195,2000;-4,3789
195,6000;-4,3778
196,0000;-4,3767
196,4000;-4,3758
196,8000;-4,3750
197,2000;-4,3742
197,6000;-4,3734
198,0000;-4,3726
198,4000;-4,3718
198,8000;-4,3710
199,2000;-4,3701
199,6000;-4,3692
200,0000;-4,3683
200,4000;-4,3673
200,8000;-4,3665
201,2000;-4,3657
201,6000;-4,3648
202,0000;-4,3638
202,4000;-4,3628
202,8000;-4,3619
203,2000;-4,3608
203,6000;-4,3598
204,0000;-4,3588
204,4000;-4,3581
204,8000;-4,3571
205,2000;-4,3563
205,6000;-4,3555
206,0000;-4,3546
206,4000;-4,3538
206,8000;-4,3530
207,2000;-4,3521
207,6000;-4,3513
208,0000;-4,3505
208,4000;-4,3497
208,8000;-4,3489
209,2000;-4,3481
209,6000;-4,3474
210,0000;-4,3466
210,4000;-4,3460
210,8000;-4,3456
211,2000;-4,3449
211,6000;-4,3442
212,0000;-4,3435
212,4000;-4,3429
212,8000;-4,3422
213,2000;-4,3416
213,6000;-4,3408
214,0000;-4,3401
214,4000;-4,3392
214,8000;-4,3385
215,2000;-4,3377
215,6000;-4,3369
216,0000;-4,3360
216,4000;-4,3353
216,8000;-4,3346
217,2000;-4,3339
217,6000;-4,3333
218,0000;-4,3327
218,4000;-4,3321
218,8000;-4,3317
219,2000;-4,3312
219,6000;-4,3307
220,0000;-4,3303
220,4000;-4,3299
220,8000;-4,3293
221,2000;-4,3289
221,6000;-4,3285
222,0000;-4,3282
222,4000;-4,3278
222,8000;-4,3273
223,2000;-4,3267
223,6000;-4,3262
224,0000;-4,3258
224,4000;-4,3254
224,8000;-4,3249
225,2000;-4,3244
225,6000;-4,3238
226,0000;-4,3233
226,4000;-4,3228
226,8000;-4,3224
227,2000;-4,3220
227,6000;-4,3216
228,0000;-4,3211
228,4000;-4,3207
228,8000;-4,3201
229,2000;-4,3196
229,6000;-4,3190
230,0000;-4,3182
230,4000;-4,3176
230,8000;-4,3168
231,2000;-4,3160
231,6000;-4,3152
232,0000;-4,3143
232,4000;-4,3133
232,8000;-4,3123
233,2000;-4,3113
233,6000;-4,3103
234,0000;-4,3095
234,4000;-4,3087
234,8000;-4,3080
235,2000;-4,3073
235,6000;-4,3067
236,0000;-4,3061
236,4000;-4,3055
236,8000;-4,3050
237,2000;-4,3044
237,6000;-4,3038
238,0000;-4,3034
238,4000;-4,3030
238,8000;-4,3025
239,2000;-4,3021
239,6000;-4,3016
240,0000;-4,3011
240,4000;-4,3007
240,8000;-4,3003
241,2000;-4,2997
241,6000;-4,2994
242,0000;-4,2989
242,4000;-4,2984
242,8000;-4,2979
243,2000;-4,2975
243,6000;-4,2971
244,0000;-4,2965
244,4000;-4,2961
244,8000;-4,2956
245,2000;-4,2951
245,6000;-4,2946
246,0000;-4,2941
246,4000;-4,2939
246,8000;-4,2934
247,2000;-4,2929
247,6000;-4,2924
248,0000;-4,2920
248,4000;-4,2915
248,8000;-4,2911
249,2000;-4,2906
249,6000;-4,2903
250,0000;-4,2899
250,4000;-4,2895
250,8000;-4,2892
251,2000;-4,2889
251,6000;-4,2886
252,0000;-4,2884
252,4000;-4,2880
252,8000;-4,2878
253,2000;-4,2875
253,6000;-4,2871
254,0000;-4,2867
254,4000;-4,2865
254,8000;-4,2862
255,2000;-4,2860
255,6000;-4,2858
256,0000;-4,2855
256,4000;-4,2853
256,8000;-4,2851
257,2000;-4,2848
257,6000;-4,2845
258,0000;-4,2842
258,4000;-4,2840
258,8000;-4,2837
259,2000;-4,2834
259,6000;-4,2830
260,0000;-4,2827
260,4000;-4,2825
260,8000;-4,2822
261,2000;-4,2819
261,6000;-4,2816
262,0000;-4,2812
262,4000;-4,2809
262,8000;-4,2804
263,2000;-4,2800
263,6000;-4,2794
264,0000;-4,2789
264,4000;-4,2784
264,8000;-4,2779
265,2000;-4,2774
265,6000;-4,2770
266,0000;-4,2765
266,4000;-4,2761
266,8000;-4,2757
267,2000;-4,2754
267,6000;-4,2751
268,0000;-4,2748
268,4000;-4,2745
268,8000;-4,2743
269,2000;-4,2740
269,6000;-4,2738
270,0000;-4,2736
270,4000;-4,2735
270,8000;-4,2733
271,2000;-4,2731
271,6000;-4,2730
272,0000;-4,2728
272,4000;-4,2727
272,8000;-4,2726
273,2000;-4,2725
273,6000;-4,2724
274,0000;-4,2723
274,4000;-4,2721
274,8000;-4,2720
275,2000;-4,2719
275,6000;-4,2718
276,0000;-4,2716
276,4000;-4,2715
276,8000;-4,2714
277,2000;-4,2712
277,6000;-4,2709
278,0000;-4,2707
278,4000;-4,2703
278,8000;-4,2700
279,2000;-4,2697
279,6000;-4,2694
280,0000;-4,2690
280,4000;-4,2686
280,8000;-4,2683
281,2000;-4,2680
281,6000;-4,2677
282,0000;-4,2674
282,4000;-4,2671
282,8000;-4,2668
283,2000;-4,2666
283,6000;-4,2663
284,0000;-4,2661
284,4000;-4,2658
284,8000;-4,2656
285,2000;-4,2653
285,6000;-4,2651
286,0000;-4,2648
286,4000;-4,2645
286,8000;-4,2642
287,2000;-4,2638
287,6000;-4,2635
288,0000;-4,2632
288,4000;-4,2629
288,8000;-4,2625
289,2000;-4,2622
289,6000;-4,2620
290,0000;-4,2618
290,4000;-4,2616
290,8000;-4,2614
291,2000;-4,2611
291,6000;-4,2610
292,0000;-4,2608
292,4000;-4,2607
292,8000;-4,2606
293,2000;-4,2605
293,6000;-4,2603
294,0000;-4,2602
294,4000;-4,2601
294,8000;-4,2598
295,2000;-4,2597
295,6000;-4,2596
296,0000;-4,2595
296,4000;-4,2593
296,8000;-4,2592
297,2000;-4,2590
297,6000;-4,2588
298,0000;-4,2586
298,4000;-4,2586
298,8000;-4,2585
299,2000;-4,2583
299,6000;-4,2583
300,0000;-4,2583
300,4000;-4,2583
300,8000;-4,2583
301,2000;-4,2583
301,6000;-4,2584
302,0000;-4,2584
302,4000;-4,2585
302,8000;-4,2586
303,2000;-4,2586
303,6000;-4,2586
304,0000;-4,2586
304,4000;-4,2586
304,8000;-4,2587
305,2000;-4,2586
305,6000;-4,2586
306,0000;-4,2585
306,4000;-4,2584
306,8000;-4,2583
307,2000;-4,2583
307,6000;-4,2582
308,0000;-4,2582
308,4000;-4,2582
308,8000;-4,2582
309,2000;-4,2582
309,6000;-4,2581
310,0000;-4,2580
310,4000;-4,2580
310,8000;-4,2579
311,2000;-4,2579
311,6000;-4,2578
312,0000;-4,2578
312,4000;-4,2577
312,8000;-4,2577
313,2000;-4,2576
313,6000;-4,2575
314,0000;-4,2573
314,4000;-4,2572
314,8000;-4,2571
315,2000;-4,2569
315,6000;-4,2568
316,0000;-4,2568
316,4000;-4,2567
316,8000;-4,2566
317,2000;-4,2565
317,6000;-4,2564
318,0000;-4,2564
318,4000;-4,2563
318,8000;-4,2562
319,2000;-4,2560
319,6000;-4,2559
320,0000;-4,2560
320,4000;-4,2560
320,8000;-4,2561
321,2000;-4,2563
321,6000;-4,2565
322,0000;-4,2566
322,4000;-4,2569
322,8000;-4,2570
323,2000;-4,2572
323,6000;-4,2574
324,0000;-4,2576
324,4000;-4,2577
324,8000;-4,2579
325,2000;-4,2582
325,6000;-4,2586
326,0000;-4,2587
326,4000;-4,2588
326,8000;-4,2591
327,2000;-4,2593
327,6000;-4,2592
328,0000;-4,2591
328,4000;-4,2588
328,8000;-4,2587
329,2000;-4,2586
329,6000;-4,2582
330,0000;-4,2578
330,4000;-4,2572
330,8000;-4,2566
331,2000;-4,2557
331,6000;-4,2548
332,0000;-4,2539
332,4000;-4,2530
332,8000;-4,2521
333,2000;-4,2512
333,6000;-4,2505
334,0000;-4,2499
334,4000;-4,2491
334,8000;-4,2486
335,2000;-4,2479
335,6000;-4,2471
336,0000;-4,2465
336,4000;-4,2458
336,8000;-4,2452
337,2000;-4,2446
337,6000;-4,2442
338,0000;-4,2436
338,4000;-4,2433
338,8000;-4,2429
339,2000;-4,2427
339,6000;-4,2424
340,0000;-4,2421
340,4000;-4,2417
340,8000;-4,2413
341,2000;-4,2409
341,6000;-4,2405
342,0000;-4,2400
342,4000;-4,2394
342,8000;-4,2387
343,2000;-4,2381
343,6000;-4,2375
344,0000;-4,2369
344,4000;-4,2363
344,8000;-4,2356
345,2000;-4,2350
345,6000;-4,2343
346,0000;-4,2335
346,4000;-4,2329
346,8000;-4,2322
347,2000;-4,2315
347,6000;-4,2311
348,0000;-4,2306
348,4000;-4,2300
348,8000;-4,2297
349,2000;-4,2293
349,6000;-4,2290
350,0000;-4,2287
350,4000;-4,2286
350,8000;-4,2283
351,2000;-4,2282
351,6000;-4,2281
352,0000;-4,2280
352,4000;-4,2281
352,8000;-4,2282
353,2000;-4,2281
353,6000;-4,2282
354,0000;-4,2282
354,4000;-4,2283
354,8000;-4,2281
355,2000;-4,2277
355,6000;-4,2273
356,0000;-4,2271
356,4000;-4,2267
356,8000;-4,2262
357,2000;-4,2256
357,6000;-4,2248
358,0000;-4,2242
358,4000;-4,2235
358,8000;-4,2227
359,2000;-4,2220
359,6000;-4,2214
360,0000;-4,2209
360,4000;-4,2205
360,8000;-4,2199
361,2000;-4,2194
361,6000;-4,2191
362,0000;-4,2190
362,4000;-4,2190
362,8000;-4,2188
363,2000;-4,2187
363,6000;-4,2186
364,0000;-4,2188
364,4000;-4,2189
364,8000;-4,2190
365,2000;-4,2191
365,6000;-4,2191
366,0000;-4,2191
366,4000;-4,2191
366,8000;-4,2190
367,2000;-4,2188
367,6000;-4,2187
368,0000;-4,2184
368,4000;-4,2182
368,8000;-4,2180
369,2000;-4,2177
369,6000;-4,2172
370,0000;-4,2167
370,4000;-4,2162
370,8000;-4,2157
371,2000;-4,2153
371,6000;-4,2149
372,0000;-4,2144
372,4000;-4,2139
372,8000;-4,2132
373,2000;-4,2126
373,6000;-4,2119
374,0000;-4,2112
374,4000;-4,2105
374,8000;-4,2099
375,2000;-4,2093
375,6000;-4,2090
376,0000;-4,2086
376,4000;-4,2085
376,8000;-4,2082
377,2000;-4,2080
377,6000;-4,2079
378,0000;-4,2076
378,4000;-4,2074
378,8000;-4,2072
379,2000;-4,2071
379,6000;-4,2069
380,0000;-4,2068
380,4000;-4,2067
380,8000;-4,2066
381,2000;-4,2065
381,6000;-4,2064
382,0000;-4,2062
382,4000;-4,2061
382,8000;-4,2061
383,2000;-4,2059
383,6000;-4,2059
384,0000;-4,2058
384,4000;-4,2058
384,8000;-4,2058
385,2000;-4,2058
385,6000;-4,2058
386,0000;-4,2058
386,4000;-4,2060
386,8000;-4,2060
387,2000;-4,2059
387,6000;-4,2060
388,0000;-4,2060
388,4000;-4,2061
388,8000;-4,2060
389,2000;-4,2059
389,6000;-4,2060
390,0000;-4,2059
390,4000;-4,2059
390,8000;-4,2059
391,2000;-4,2059
391,6000;-4,2059
392,0000;-4,2058
392,4000;-4,2059
392,8000;-4,2058
393,2000;-4,2059
393,6000;-4,2060
394,0000;-4,2060
394,4000;-4,2061
394,8000;-4,2061
395,2000;-4,2062
395,6000;-4,2062
396,0000;-4,2061
396,4000;-4,2059
396,8000;-4,2057
397,2000;-4,2056
397,6000;-4,2054
398,0000;-4,2052
398,4000;-4,2049
398,8000;-4,2046
399,2000;-4,2043
399,6000;-4,2040
400,0000;-4,2037
400,4000;-4,2034
400,8000;-4,2032
401,2000;-4,2030
401,6000;-4,2027
402,0000;-4,2024
402,4000;-4,2019
402,8000;-4,2016
403,2000;-4,2013
403,6000;-4,2009
404,0000;-4,2006
404,4000;-4,2002
404,8000;-4,1999
405,2000;-4,1997
405,6000;-4,1994
406,0000;-4,1993
406,4000;-4,1990
406,8000;-4,1989
407,2000;-4,1989
407,6000;-4,1988
408,0000;-4,1988
408,4000;-4,1987
408,8000;-4,1987
409,2000;-4,1987
409,6000;-4,1985
410,0000;-4,1986
410,4000;-4,1986
410,8000;-4,1987
411,2000;-4,1986
411,6000;-4,1986
412,0000;-4,1985
412,4000;-4,1983
412,8000;-4,1978
413,2000;-4,1976
413,6000;-4,1974
414,0000;-4,1971
414,4000;-4,1967
414,8000;-4,1965
415,2000;-4,1960
415,6000;-4,1955
416,0000;-4,1948
416,4000;-4,1941
416,8000;-4,1935
417,2000;-4,1929
417,6000;-4,1922
418,0000;-4,1918
418,4000;-4,1913
418,8000;-4,1907
419,2000;-4,1902
419,6000;-4,1896
420,0000;-4,1891
420,4000;-4,1888
420,8000;-4,1883
421,2000;-4,1879
421,6000;-4,1876
422,0000;-4,1873
422,4000;-4,1871
422,8000;-4,1870
423,2000;-4,1869
423,6000;-4,1868
424,0000;-4,1866
424,4000;-4,1865
424,8000;-4,1864
425,2000;-4,1862
425,6000;-4,1862
426,0000;-4,1862
426,4000;-4,1864
426,8000;-4,1865
427,2000;-4,1867
427,6000;-4,1868
428,0000;-4,1870
428,4000;-4,1871
428,8000;-4,1874
429,2000;-4,1876
429,6000;-4,1879
430,0000;-4,1881
430,4000;-4,1882
430,8000;-4,1886
431,2000;-4,1887
431,6000;-4,1890
432,0000;-4,1890
432,4000;-4,1892
432,8000;-4,1893
433,2000;-4,1895
433,6000;-4,1894
434,0000;-4,1893
434,4000;-4,1894
434,8000;-4,1894
435,2000;-4,1894
435,6000;-4,1896
436,0000;-4,1898
436,4000;-4,1899
436,8000;-4,1900
437,2000;-4,1902
437,6000;-4,1903
438,0000;-4,1904
438,4000;-4,1904
438,8000;-4,1910
439,2000;-4,1914
439,6000;-4,1918
440,0000;-4,1921
440,4000;-4,1925
440,8000;-4,1930
441,2000;-4,1934
441,6000;-4,1938
442,0000;-4,1942
442,4000;-4,1946
442,8000;-4,1949
443,2000;-4,1952
443,6000;-4,1956
444,0000;-4,1958
444,4000;-4,1960
444,8000;-4,1963
445,2000;-4,1965
445,6000;-4,1967
446,0000;-4,1968
446,4000;-4,1970
446,8000;-4,1972
447,2000;-4,1972
447,6000;-4,1973
448,0000;-4,1974
448,4000;-4,1974
448,8000;-4,1974
449,2000;-4,1974
449,6000;-4,1973
450,0000;-4,1974
450,4000;-4,1975
450,8000;-4,1978
451,2000;-4,1980
451,6000;-4,1982
452,0000;-4,1984
452,4000;-4,1986
452,8000;-4,1987
453,2000;-4,1988
453,6000;-4,1988
454,0000;-4,1987
454,4000;-4,1985
454,8000;-4,1981
455,2000;-4,1978
455,6000;-4,1974
456,0000;-4,1969
456,4000;-4,1966
456,8000;-4,1964
457,2000;-4,1961
457,6000;-4,1957
458,0000;-4,1954
458,4000;-4,1953
458,8000;-4,1951
459,2000;-4,1947
459,6000;-4,1945
460,0000;-4,1943
460,4000;-4,1941
460,8000;-4,1940
461,2000;-4,1939
461,6000;-4,1939
462,0000;-4,1939
462,4000;-4,1939
462,8000;-4,1940
463,2000;-4,1940
463,6000;-4,1941
464,0000;-4,1945
464,4000;-4,1948
464,8000;-4,1953
465,2000;-4,1957
465,6000;-4,1960
466,0000;-4,1963
466,4000;-4,1967
466,8000;-4,1969
467,2000;-4,1972
467,6000;-4,1974
468,0000;-4,1976
468,4000;-4,1979
468,8000;-4,1981
469,2000;-4,1983
469,6000;-4,1985
470,0000;-4,1988
470,4000;-4,1990
470,8000;-4,1993
471,2000;-4,1996
471,6000;-4,1999
472,0000;-4,2000
472,4000;-4,2001
472,8000;-4,2001
473,2000;-4,2002
473,6000;-4,2003
474,0000;-4,2004
474,4000;-4,2004
474,8000;-4,2002
475,2000;-4,2001
475,6000;-4,2000
476,0000;-4,1999
476,4000;-4,2000
476,8000;-4,1999
477,2000;-4,1998
477,6000;-4,1996
478,0000;-4,1994
478,4000;-4,1992
478,8000;-4,1989
479,2000;-4,1988
479,6000;-4,1986
480,0000;-4,1983
480,4000;-4,1983
480,8000;-4,1980
481,2000;-4,1978
481,6000;-4,1976
482,0000;-4,1975
482,4000;-4,1971
482,8000;-4,1967
483,2000;-4,1964
483,6000;-4,1962
484,0000;-4,1959
484,4000;-4,1960
484,8000;-4,1960
485,2000;-4,1962
485,6000;-4,1963
486,0000;-4,1964
486,4000;-4,1964
486,8000;-4,1965
487,2000;-4,1966
487,6000;-4,1964
488,0000;-4,1961
488,4000;-4,1960
488,8000;-4,1958
489,2000;-4,1957
489,6000;-4,1955
490,0000;-4,1955
490,4000;-4,1953
490,8000;-4,1951
491,2000;-4,1951
491,6000;-4,1948
492,0000;-4,1947
492,4000;-4,1946
492,8000;-4,1945
493,2000;-4,1942
493,6000;-4,1940
494,0000;-4,1939
494,4000;-4,1939
494,8000;-4,1937
495,2000;-4,1935
495,6000;-4,1934
496,0000;-4,1935
496,4000;-4,1935
496,8000;-4,1934
497,2000;-4,1933
497,6000;-4,1932
498,0000;-4,1930
498,4000;-4,1928
498,8000;-4,1925
499,2000;-4,1924
499,6000;-4,1925
500,0000;-4,1924
500,4000;-4,1923
500,8000;-4,1923
501,2000;-4,1924
501,6000;-4,1923
502,0000;-4,1922
502,4000;-4,1920
502,8000;-4,1918
503,2000;-4,1918
503,6000;-4,1916
504,0000;-4,1916
504,4000;-4,1915
504,8000;-4,1914
505,2000;-4,1913
505,6000;-4,1913
506,0000;-4,1913
506,4000;-4,1912
506,8000;-4,1912
507,2000;-4,1912
507,6000;-4,1912
508,0000;-4,1913
508,4000;-4,1916
508,8000;-4,1919
509,2000;-4,1923
509,6000;-4,1928
510,0000;-4,1932
510,4000;-4,1934
510,8000;-4,1937
511,2000;-4,1938
511,6000;-4,1942
512,0000;-4,1947
512,4000;-4,1952
512,8000;-4,1955
513,2000;-4,1957
513,6000;-4,1961
514,0000;-4,1962
514,4000;-4,1963
514,8000;-4,1962
515,2000;-4,1964
515,6000;-4,1966
516,0000;-4,1963
516,4000;-4,1960
516,8000;-4,1958
517,2000;-4,1956
517,6000;-4,1954
518,0000;-4,1953
518,4000;-4,1953
518,8000;-4,1953
519,2000;-4,1953
519,6000;-4,1952
520,0000;-4,1952
520,4000;-4,1952
520,8000;-4,1952
521,2000;-4,1953
521,6000;-4,1954
522,0000;-4,1955
522,4000;-4,1956
522,8000;-4,1956
523,2000;-4,1956
523,6000;-4,1955
524,0000;-4,1957
524,4000;-4,1955
524,8000;-4,1954
525,2000;-4,1952
525,6000;-4,1952
526,0000;-4,1950
526,4000;-4,1948
526,8000;-4,1948
527,2000;-4,1946
527,6000;-4,1944
528,0000;-4,1944
528,4000;-4,1940
528,8000;-4,1939
529,2000;-4,1937
529,6000;-4,1936
530,0000;-4,1935
530,4000;-4,1933
530,8000;-4,1933
531,2000;-4,1932
531,6000;-4,1931
532,0000;-4,1931
532,4000;-4,1931
532,8000;-4,1930
533,2000;-4,1931
533,6000;-4,1934
534,0000;-4,1936
534,4000;-4,1936
534,8000;-4,1941
535,2000;-4,1943
535,6000;-4,1947
536,0000;-4,1949
536,4000;-4,1951
536,8000;-4,1954
537,2000;-4,1955
537,6000;-4,1955
538,0000;-4,1959
538,4000;-4,1959
538,8000;-4,1962
539,2000;-4,1963
539,6000;-4,1963
540,0000;-4,1967
540,4000;-4,1967
540,8000;-4,1970
541,2000;-4,1971
541,6000;-4,1974
542,0000;-4,1976
542,4000;-4,1974
542,8000;-4,1974
543,2000;-4,1973
543,6000;-4,1971
544,0000;-4,1968
544,4000;-4,1969
544,8000;-4,1969
545,2000;-4,1969
545,6000;-4,1970
546,0000;-4,1968
546,4000;-4,1970
546,8000;-4,1970
547,2000;-4,1971
547,6000;-4,1969
548,0000;-4,1967
548,4000;-4,1968
548,8000;-4,1969
549,2000;-4,1971
549,6000;-4,1973
550,0000;-4,1973
550,4000;-4,1977
550,8000;-4,1980
551,2000;-4,1983
551,6000;-4,1984
552,0000;-4,1987
552,4000;-4,1988
552,8000;-4,1991
553,2000;-4,1993
553,6000;-4,1993
554,0000;-4,1992
554,4000;-4,1992
554,8000;-4,1991
555,2000;-4,1991
555,6000;-4,1991
556,0000;-4,1992
556,4000;-4,1993
556,8000;-4,1994
557,2000;-4,1993
557,6000;-4,1994
558,0000;-4,1997
558,4000;-4,1999
558,8000;-4,1999
559,2000;-4,1999
559,6000;-4,2000
560,0000;-4,1999
560,4000;-4,1999
560,8000;-4,2001
561,2000;-4,2002
561,6000;-4,2004
562,0000;-4,2006
562,4000;-4,2007
562,8000;-4,2007
563,2000;-4,2009
563,6000;-4,2012
564,0000;-4,2014
564,4000;-4,2016
564,8000;-4,2016
565,2000;-4,2016
565,6000;-4,2017
566,0000;-4,2016
566,4000;-4,2017
566,8000;-4,2016
567,2000;-4,2016
567,6000;-4,2015
568,0000;-4,2015
568,4000;-4,2015
568,8000;-4,2014
569,2000;-4,2015
569,6000;-4,2015
570,0000;-4,2014
570,4000;-4,2014
570,8000;-4,2015
571,2000;-4,2015
571,6000;-4,2017
572,0000;-4,2018
572,4000;-4,2020
572,8000;-4,2023
573,2000;-4,2026
573,6000;-4,2031
574,0000;-4,2037
574,4000;-4,2041
574,8000;-4,2046
575,2000;-4,2054
575,6000;-4,2060
576,0000;-4,2066
576,4000;-4,2072
576,8000;-4,2076
577,2000;-4,2081
577,6000;-4,2085
578,0000;-4,2089
578,4000;-4,2096
578,8000;-4,2098
579,2000;-4,2102
579,6000;-4,2105
580,0000;-4,2107
580,4000;-4,2109
580,8000;-4,2111
581,2000;-4,2112
581,6000;-4,2114
582,0000;-4,2115
582,4000;-4,2115
582,8000;-4,2115
583,2000;-4,2116
583,6000;-4,2116
584,0000;-4,2116
584,4000;-4,2116
584,8000;-4,2116
585,2000;-4,2116
585,6000;-4,2115
586,0000;-4,2117
586,4000;-4,2117
586,8000;-4,2117
587,2000;-4,2117
587,6000;-4,2116
588,0000;-4,2115
588,4000;-4,2115
588,8000;-4,2117
589,2000;-4,2116
589,6000;-4,2116
590,0000;-4,2120
590,4000;-4,2122
590,8000;-4,2123
591,2000;-4,2126
591,6000;-4,2124
592,0000;-4,2127
592,4000;-4,2126
592,8000;-4,2123
593,2000;-4,2121
593,6000;-4,2120
594,0000;-4,2120
594,4000;-4,2118
594,8000;-4,2118
595,2000;-4,2120
595,6000;-4,2122
596,0000;-4,2122
596,4000;-4,2123
596,8000;-4,2123
597,2000;-4,2122
597,6000;-4,2123
598,0000;-4,2125
598,4000;-4,2123
598,8000;-4,2120
599,2000;-4,2117
599,6000;-4,2113
600,0000;-4,2108
600,4000;-4,2104
600,8000;-4,2100
601,2000;-4,2096
601,6000;-4,2094
602,0000;-4,2096
602,4000;-4,2097
602,8000;-4,2094
603,2000;-4,2091
603,6000;-4,2088
604,0000;-4,2085
604,4000;-4,2083
604,8000;-4,2081
605,2000;-4,2078
605,6000;-4,2077
606,0000;-4,2074
606,4000;-4,2071
606,8000;-4,2069
607,2000;-4,2068
607,6000;-4,2064
608,0000;-4,2061
608,4000;-4,2058
608,8000;-4,2055
609,2000;-4,2052
609,6000;-4,2050
610,0000;-4,2049
610,4000;-4,2047
610,8000;-4,2046
611,2000;-4,2042
611,6000;-4,2037
612,0000;-4,2034
612,4000;-4,2032
612,8000;-4,2027
613,2000;-4,2024
613,6000;-4,2025
614,0000;-4,2025
614,4000;-4,2022
614,8000;-4,2019
615,2000;-4,2017
615,6000;-4,2014
616,0000;-4,2014
616,4000;-4,2013
616,8000;-4,2014
617,2000;-4,2013
617,6000;-4,2015
618,0000;-4,2012
618,4000;-4,2008
618,8000;-4,2008
619,2000;-4,2004
619,6000;-4,1998
620,0000;-4,1997
620,4000;-4,1995
620,8000;-4,1991
621,2000;-4,1986
621,6000;-4,1984
622,0000;-4,1979
622,4000;-4,1974
622,8000;-4,1968
623,2000;-4,1965
623,6000;-4,1960
624,0000;-4,1956
624,4000;-4,1948
624,8000;-4,1946
625,2000;-4,1943
625,6000;-4,1940
626,0000;-4,1938
626,4000;-4,1934
626,8000;-4,1933
627,2000;-4,1929
627,6000;-4,1929
628,0000;-4,1924
628,4000;-4,1920
628,8000;-4,1920
629,2000;-4,1917
629,6000;-4,1918
630,0000;-4,1918
630,4000;-4,1918
630,8000;-4,1918
631,2000;-4,1918
631,6000;-4,1919
632,0000;-4,1920
632,4000;-4,1921
632,8000;-4,1921
633,2000;-4,1920
633,6000;-4,1920
634,0000;-4,1920
634,4000;-4,1921
634,8000;-4,1919
635,2000;-4,1917
635,6000;-4,1914
636,0000;-4,1910
