0,0000;27,0654;0,0000

0,4000;27,0657;0,0000

0,8000;27,0659;0,0000

1,2000;27,0661;0,0000

1,6000;27,0665;0,0000

2,0000;27,0667;0,0000

2,4000;27,0670;0,0000

2,8000;27,0673;0,0000

3,2000;27,0676;0,0000

3,6000;27,0678;0,0000

4,0000;27,0679;0,0000

4,4000;27,0684;0,0000

4,8000;27,0684;0,0000

5,2000;27,0697;0,0000

5,6000;27,0694;0,0000

6,0000;27,0697;0,0000

6,4000;27,0699;0,0000

6,8000;27,0702;0,0000

7,2000;27,0701;0,0000

7,6000;27,0707;0,0000

8,0000;27,0711;0,0000

8,4000;27,0713;0,0000

8,8000;27,0716;0,0000

9,2000;27,0718;0,0000

9,6000;27,0719;0,0000

10,0000;27,0721;0,0000

10,4000;27,0722;0,0000

10,8000;27,0722;0,0000

11,2000;27,0726;0,0000

11,6000;27,0727;0,0000

12,0000;27,0728;0,0000

12,4000;27,0730;0,0000

12,8000;27,0730;0,0000

13,2000;27,0731;0,0000

13,6000;27,0731;0,0000

14,0000;27,0732;0,0000

14,4000;27,0733;0,0000

14,8000;27,0731;0,0000

15,2000;27,0732;0,0000

15,6000;27,0731;0,0000

16,0000;27,0733;0,0000

16,4000;27,0733;0,0000

16,8000;27,0734;0,0000

17,2000;27,0752;0,0000

17,6000;27,0735;0,0000

18,0000;27,0733;0,0000

18,4000;27,0733;0,0000

18,8000;27,0732;0,0000

19,2000;27,0340;0,0000

19,6000;27,0129;0,0000

20,0000;27,0103;0,0000

20,4000;27,0162;0,0000

20,8000;27,0201;0,0000

21,2000;27,0186;0,0000

21,6000;27,0225;0,0000

22,0000;27,0288;0,0000

22,4000;27,0330;0,0000

22,8000;27,0346;0,0000

23,2000;27,0367;0,0000

23,6000;27,0374;0,0000

24,0000;27,0387;0,0000

24,4000;27,0400;0,0000

24,8000;27,0413;0,0000

25,2000;27,0423;0,0000

25,6000;27,0432;0,0000

26,0000;27,0446;0,0000

26,4000;27,0457;0,0000

26,8000;27,0467;0,0000

27,2000;27,0478;0,0000

27,6000;27,0489;0,0000

28,0000;27,0498;0,0000

28,4000;27,0506;0,0000

28,8000;27,0509;0,0000

29,2000;27,0519;0,0000

29,6000;27,0466;0,0000

30,0000;27,0520;0,0000

30,4000;27,0575;0,0000

30,8000;27,0547;0,0000

31,2000;27,0564;0,0000

31,6000;27,0605;0,0000

32,0000;27,0699;0,0000

32,4000;27,0856;0,0000

32,8000;27,0840;0,0000

33,2000;27,0836;0,0000

33,6000;27,0878;0,0000

34,0000;27,0927;0,0000

34,4000;27,0964;0,0000

34,8000;27,1000;0,0000

35,2000;27,1044;0,0000

35,6000;27,1071;0,0000

36,0000;27,1107;0,0000

36,4000;27,1158;0,0000

36,8000;27,1193;0,0000

37,2000;27,1254;0,0000

37,6000;27,1115;0,0000

38,0000;27,1107;0,0000

38,4000;27,1104;0,0000

38,8000;27,1142;0,0000

39,2000;27,1212;0,0000

39,6000;27,1201;0,0000

40,0000;27,1240;0,0000

40,4000;27,1274;0,0000

40,8000;27,1306;0,0000

41,2000;27,1344;0,0000

41,6000;27,1413;0,0000

42,0000;27,1451;0,0000

42,4000;27,1474;0,0000

42,8000;27,1480;0,0000

43,2000;27,1489;0,0000

43,6000;27,1499;0,0000

44,0000;27,1514;0,0000

44,4000;27,1563;0,0000

44,8000;27,1550;0,0000

45,2000;27,1591;0,0000

45,6000;27,1604;0,0000

46,0000;27,1616;0,0000

46,4000;27,1608;0,0000

46,8000;27,1630;0,0000

47,2000;27,1410;0,0000

47,6000;27,1186;0,0000

48,0000;27,1041;0,0000

48,4000;27,2436;0,0000

48,8000;27,3411;0,0000

49,2000;27,3365;0,0000

49,6000;27,3159;0,0000

50,0000;27,3370;0,0000

50,4000;27,4042;0,0000

50,8000;27,4327;0,0000

51,2000;27,4382;0,0000

51,6000;27,4419;0,0000

52,0000;27,4421;0,0000

52,4000;27,4574;0,0000

52,8000;27,4551;0,0000

53,2000;27,4368;0,0000

53,6000;27,4285;0,0000

54,0000;27,4307;0,0000

54,4000;27,4380;0,0000

54,8000;27,5800;0,0000

55,2000;27,5783;0,0000

55,6000;27,6005;0,0000

56,0000;27,6131;0,0000

56,4000;27,6335;0,0000

56,8000;27,6471;0,0000

57,2000;27,6669;0,0000

57,6000;27,6762;0,0000

58,0000;27,6938;0,0000

58,4000;27,7032;0,0000

58,8000;27,6873;0,0000

59,2000;27,6872;0,0000

59,6000;27,7048;0,0000

60,0000;27,7055;0,0000

60,4000;27,7194;0,0000

60,8000;27,7192;0,0000

61,2000;27,7166;0,0000

61,6000;27,7375;0,0000

62,0000;27,7388;0,0000

62,4000;27,7499;0,0000

62,8000;27,7568;0,0000

63,2000;27,7738;0,0000

63,6000;27,7754;0,0000

64,0000;27,8079;0,0000

64,4000;27,8088;0,0000

64,8000;27,8020;0,0000

65,2000;27,8052;0,0000

65,6000;27,8021;0,0000

66,0000;28,5633;0,0000

66,4000;28,5389;0,0000

66,8000;28,5311;0,0000

67,2000;28,5390;0,0000

67,6000;28,5421;0,0000

68,0000;28,5224;0,0000

68,4000;28,5075;0,0000

68,8000;28,5021;0,0000

69,2000;28,4948;0,0000

69,6000;28,4946;0,0000

70,0000;28,4780;0,0000

70,4000;28,4669;0,0000

70,8000;28,4748;0,0000

71,2000;28,4678;0,0000

71,6000;28,4559;0,0000

72,0000;28,4289;0,0000

72,4000;28,4187;0,0000

72,8000;28,4094;0,0000

73,2000;28,4152;0,0000

73,6000;28,4190;0,0000

74,0000;28,4081;0,0000

74,4000;28,3989;0,0000

74,8000;28,3991;0,0000

75,2000;28,3998;0,0000

75,6000;28,3853;0,0000

76,0000;28,3773;0,0000

76,4000;28,3759;0,0000

76,8000;28,3661;0,0000

77,2000;28,3642;0,0000

77,6000;28,3656;0,0000

78,0000;28,3593;0,0000

78,4000;28,3500;0,0000

78,8000;28,3448;0,0000

79,2000;28,3409;0,0000

79,6000;28,3387;0,0000

80,0000;28,3337;0,0000

80,4000;28,3309;0,0000

80,8000;28,3257;0,0000

81,2000;28,3254;0,0000

81,6000;28,3202;0,0000

82,0000;28,3130;0,0000

82,4000;28,3159;0,0000

82,8000;28,3162;0,0000

83,2000;28,3171;0,0000

83,6000;28,3166;0,0000

84,0000;28,3143;0,0000

84,4000;28,3053;0,0000

84,8000;28,2952;0,0000

85,2000;28,2948;0,0000

85,6000;28,2996;0,0000

86,0000;28,3023;0,0000

86,4000;28,3064;0,0000

86,8000;28,3050;0,0000

87,2000;28,3060;0,0000

87,6000;28,3076;0,0000

88,0000;28,3083;0,0000

88,4000;28,3078;0,0000

88,8000;28,3061;0,0000

89,2000;28,3046;0,0000

89,6000;28,3034;0,0000

90,0000;28,2853;0,0000

90,4000;28,2814;0,0000

90,8000;28,2752;0,0000

91,2000;28,0949;0,0000

91,6000;27,8271;0,0000

92,0000;27,5270;0,0000

92,4000;26,9225;0,0000

92,8000;25,9023;0,0000

93,2000;25,3003;0,0000

93,6000;25,0067;0,0000

94,0000;24,0509;0,0000

94,4000;23,0448;0,0000

94,8000;22,7790;0,0000

95,2000;22,8611;0,0000

95,6000;22,9618;0,0000

96,0000;23,0146;0,0000

96,4000;22,8801;0,0000

96,8000;22,1126;0,0000

97,2000;22,1969;0,0000

97,6000;22,3315;0,0000

98,0000;22,4126;0,0000

98,4000;22,4440;0,0000

98,8000;22,4364;0,0000

99,2000;22,5489;0,0000

99,6000;22,7449;0,0000

100,0000;23,4824;0,0000

100,4000;26,0562;0,0000

100,8000;26,4217;0,0000

101,2000;26,9829;0,0000

101,6000;27,0569;0,0000

102,0000;27,1559;0,0000

102,4000;27,2466;0,0000

102,8000;27,2972;0,0000

103,2000;27,3344;0,0000

103,6000;27,3475;0,0000

104,0000;27,3505;0,0000

104,4000;27,3413;0,0000

104,8000;27,3362;0,0000

105,2000;27,3311;0,0000

105,6000;27,3269;0,0000

106,0000;27,3232;0,0000

106,4000;27,3195;0,0000

106,8000;27,3170;0,0000

107,2000;27,3156;0,0000

107,6000;27,3132;0,0000

108,0000;27,3116;0,0000

108,4000;27,3091;0,0000

108,8000;27,3015;0,0000

109,2000;27,3006;0,0000

109,6000;27,3494;0,0000

110,0000;27,3901;0,0000

110,4000;27,4043;0,0000

110,8000;27,4073;0,0000

111,2000;27,4042;0,0000

111,6000;27,4158;0,0000

112,0000;27,4167;0,0000

112,4000;27,4207;0,0000

112,8000;27,5252;0,0000

113,2000;27,4317;0,0000

113,6000;27,4355;0,0000

114,0000;27,4271;0,0000

114,4000;27,3630;0,0000

114,8000;27,4135;0,0000

115,2000;27,4189;0,0000

115,6000;27,4256;0,0000

116,0000;27,4258;0,0000

116,4000;27,4343;0,0000

116,8000;27,4278;0,0000

117,2000;27,4274;0,0000

117,6000;27,4264;0,0000

118,0000;27,4278;0,0000

118,4000;27,4276;0,0000

118,8000;27,4261;0,0000

119,2000;27,4250;0,0000

119,6000;27,4253;0,0000

120,0000;27,4242;0,0000

120,4000;27,4253;0,0000

120,8000;27,4256;0,0000

121,2000;27,4254;0,0000

121,6000;27,4189;0,0000

122,0000;27,4189;0,0000

122,4000;27,4191;0,0000

122,8000;27,4183;0,0000

123,2000;27,4194;0,0000

123,6000;27,4204;0,0000

124,0000;27,4164;0,0000

124,4000;27,4109;0,0000

124,8000;27,3962;0,0000

125,2000;27,3940;0,0000

125,6000;27,3950;0,0000

126,0000;27,3922;0,0000

126,4000;27,3896;0,0000

126,8000;27,3913;0,0000

127,2000;27,3922;0,0000

127,6000;27,3915;0,0000

128,0000;27,3922;0,0000

128,4000;27,3946;0,0000

128,8000;27,3914;0,0000

129,2000;27,3907;0,0000

129,6000;27,3917;0,0000

130,0000;27,3934;0,0000

130,4000;27,3928;0,0000

130,8000;27,3911;0,0000

131,2000;27,3897;0,0000

131,6000;27,3899;0,0000

132,0000;27,3910;0,0000

132,4000;27,3901;0,0000

132,8000;27,3884;0,0000

133,2000;27,3878;0,0000

133,6000;27,3883;0,0000

134,0000;27,3873;0,0000

134,4000;27,3868;0,0000

134,8000;27,3864;0,0000

135,2000;27,3868;0,0000

135,6000;27,3855;0,0000

136,0000;27,3865;0,0000

136,4000;27,3871;0,0000

136,8000;27,3871;0,0000

137,2000;27,3877;0,0000

137,6000;27,3891;0,0000

138,0000;27,3855;0,0000

138,4000;27,3793;0,0000

138,8000;27,3793;0,0000

139,2000;27,3848;0,0000

139,6000;27,3872;0,0000

140,0000;27,3874;0,0000

140,4000;27,3883;0,0000

140,8000;27,3879;0,0000

141,2000;27,3873;0,0000

141,6000;27,3862;0,0000

142,0000;27,3833;0,0000

142,4000;27,3845;0,0000

142,8000;27,3842;0,0000

143,2000;27,3820;0,0000

143,6000;27,3828;0,0000

144,0000;27,3835;0,0000

144,4000;27,3850;0,0000

144,8000;27,3852;0,0000

145,2000;27,3849;0,0000

145,6000;27,3852;0,0000

146,0000;27,3854;0,0000

146,4000;27,3869;0,0000

146,8000;27,3872;0,0000

147,2000;27,3837;0,0000

147,6000;27,3833;0,0000

148,0000;27,3846;0,0000

148,4000;27,3851;0,0000

148,8000;27,3870;0,0000

149,2000;27,3875;0,0000

149,6000;27,3871;0,0000

150,0000;27,3870;0,0000

150,4000;27,3878;0,0000

150,8000;27,3822;0,0000

151,2000;27,3827;0,0000

151,6000;27,3817;0,0000

152,0000;27,3815;0,0000

152,4000;27,3835;0,0000

152,8000;27,3854;0,0000

153,2000;27,3823;0,0000

153,6000;27,3814;0,0000

154,0000;27,3829;0,0000

154,4000;27,3818;0,0000

154,8000;27,3813;0,0000

155,2000;27,3808;0,0000

155,6000;27,3829;0,0000

156,0000;27,3830;0,0000

156,4000;27,3825;0,0000

156,8000;27,3809;0,0000

157,2000;27,3824;0,0000

157,6000;27,3813;0,0000

158,0000;27,3836;0,0000

158,4000;27,3851;0,0000

158,8000;27,3862;0,0000

159,2000;27,3859;0,0000

159,6000;27,3855;0,0000

160,0000;27,3848;0,0000

160,4000;27,3831;0,0000

160,8000;27,3800;0,0000

161,2000;27,3810;0,0000

161,6000;27,3802;0,0000

162,0000;27,3809;0,0000

162,4000;27,3816;0,0000

162,8000;27,3803;0,0000

163,2000;27,3790;0,0000

163,6000;27,3789;0,0000

164,0000;27,3789;0,0000

164,4000;27,3801;0,0000

164,8000;27,3815;0,0000

165,2000;27,3843;0,0000

165,6000;27,3858;0,0000

166,0000;27,3804;0,0000

166,4000;27,3797;0,0000

166,8000;27,3784;0,0000

167,2000;27,3798;0,0000

167,6000;27,3808;0,0000

168,0000;27,3821;0,0000

168,4000;27,3797;0,0000

168,8000;27,3784;0,0000

169,2000;27,3843;0,0000

169,6000;27,3849;0,0000

170,0000;27,3842;0,0000

170,4000;27,3806;0,0000

170,8000;27,3850;0,0000

171,2000;27,3506;0,0000

171,6000;27,3809;0,0000

172,0000;27,3789;0,0000

172,4000;27,3824;0,0000

172,8000;27,3830;0,0000

173,2000;27,3815;0,0000

173,6000;27,3783;0,0000

174,0000;27,3779;0,0000

174,4000;27,3817;0,0000

174,8000;27,3820;0,0000

175,2000;27,3826;0,0000

175,6000;27,3797;0,0000

176,0000;27,3794;0,0000

176,4000;27,3805;0,0000

176,8000;27,3811;0,0000

177,2000;27,3822;0,0000

177,6000;27,3822;0,0000

178,0000;27,3855;0,0000

178,4000;27,3877;0,0000

178,8000;27,3875;0,0000

179,2000;27,3873;0,0000

179,6000;27,3808;0,0000

180,0000;27,3776;0,0000

180,4000;27,3776;0,0000

180,8000;27,3793;0,0000

181,2000;27,3814;0,0000

181,6000;27,3835;0,0000

182,0000;27,3823;0,0000

182,4000;27,3797;0,0000

182,8000;27,3803;0,0000

183,2000;27,3780;0,0000

183,6000;27,3759;0,0000

184,0000;27,3775;0,0000

184,4000;27,3791;0,0000

184,8000;27,3812;0,0000

185,2000;27,3800;0,0000

185,6000;27,3759;0,0000

186,0000;27,3753;0,0000

186,4000;27,3775;0,0000

186,8000;27,3786;0,0000

187,2000;27,3769;0,0000

187,6000;27,3732;0,0000

188,0000;27,3737;0,0000

188,4000;27,3749;0,0000

188,8000;27,3758;0,0000

189,2000;27,3755;0,0000

189,6000;27,3747;0,0000

190,0000;27,3763;0,0000

190,4000;27,3780;0,0000

190,8000;27,3748;0,0000

191,2000;27,3739;0,0000

191,6000;27,3757;0,0000

192,0000;27,3791;0,0000

192,4000;27,3779;0,0000

192,8000;27,3768;0,0000

193,2000;27,3766;0,0000

193,6000;27,3773;0,0000

194,0000;27,3781;0,0000

194,4000;27,3790;0,0000

194,8000;27,3809;0,0000

195,2000;27,3792;0,0000

195,6000;27,3805;0,0000

196,0000;27,3800;0,0000

196,4000;27,3791;0,0000

196,8000;27,3779;0,0000

197,2000;27,3791;0,0000

197,6000;27,3801;0,0000

198,0000;27,3776;0,0000

198,4000;27,3753;0,0000

198,8000;27,3748;0,0000

199,2000;27,3769;0,0000

199,6000;27,3782;0,0000

200,0000;27,3786;0,0000

200,4000;27,3806;0,0000

200,8000;27,3818;0,0000

201,2000;27,3834;0,0000

201,6000;27,3827;0,0000

202,0000;27,3792;0,0000

202,4000;27,3769;0,0000

202,8000;27,3767;0,0000

203,2000;27,3769;0,0000

203,6000;27,3781;0,0000

204,0000;27,3811;0,0000

204,4000;27,3817;0,0000

204,8000;27,3776;0,0000

205,2000;27,3762;0,0000

205,6000;27,3765;0,0000

206,0000;27,3754;0,0000

206,4000;27,3749;0,0000

206,8000;27,3780;0,0000

207,2000;27,3811;0,0000

207,6000;27,3838;0,0000

208,0000;27,3841;0,0000

208,4000;27,3819;0,0000

208,8000;27,3782;0,0000

209,2000;27,3772;0,0000

209,6000;27,3782;0,0000

210,0000;27,3797;0,0000

210,4000;27,3809;0,0000

210,8000;27,3810;0,0000

211,2000;27,3810;0,0000

211,6000;27,3829;0,0000

212,0000;27,3794;0,0000

212,4000;27,3770;0,0000

212,8000;27,3726;0,0000

213,2000;27,3694;0,0000

213,6000;27,3687;0,0000

214,0000;27,3712;0,0000

214,4000;27,3747;0,0000

214,8000;27,3760;0,0000

215,2000;27,3770;0,0000

215,6000;27,3729;0,0000

216,0000;27,3744;0,0000

216,4000;27,3750;0,0000

216,8000;27,3741;0,0000

217,2000;27,3696;0,0000

217,6000;27,3718;0,0000

218,0000;27,3736;0,0000

218,4000;27,3702;0,0000

218,8000;27,3680;0,0000

219,2000;27,3669;0,0000

219,6000;27,3680;0,0000

220,0000;27,3693;0,0000

220,4000;27,3702;0,0000

220,8000;27,3697;0,0000

221,2000;27,3692;0,0000

221,6000;27,3691;0,0000

222,0000;27,3709;0,0000

222,4000;27,3720;0,0000

222,8000;27,3744;0,0000

223,2000;27,3739;0,0000

223,6000;27,3744;0,0000

224,0000;27,3743;0,0000

224,4000;27,3737;0,0000

224,8000;27,3690;0,0000

225,2000;27,3650;0,0000

225,6000;27,3655;0,0000

226,0000;27,3681;0,0000

226,4000;27,3688;0,0000

226,8000;27,3685;0,0000

227,2000;27,3691;0,0000

227,6000;27,3708;0,0000

228,0000;27,3719;0,0000

228,4000;27,3732;0,0000

228,8000;27,3729;0,0000

229,2000;27,3727;0,0000

229,6000;27,3726;0,0000

230,0000;27,3727;0,0000

230,4000;27,3738;0,0000

230,8000;27,3737;0,0000

231,2000;27,3739;0,0000

231,6000;27,3714;0,0000

232,0000;27,3691;0,0000

232,4000;27,3690;0,0000

232,8000;27,3711;0,0000

233,2000;27,3727;0,0000

233,6000;27,3717;0,0000

234,0000;27,3692;0,0000

234,4000;27,3674;0,0000

234,8000;27,3660;0,0000

235,2000;27,3666;0,0000

235,6000;27,3666;0,0000

236,0000;27,3668;0,0000

236,4000;27,3669;0,0000

236,8000;27,3670;0,0000

237,2000;27,3684;0,0000

237,6000;27,3649;0,0000

238,0000;27,3657;0,0000

238,4000;27,3651;0,0000

238,8000;27,3667;0,0000

239,2000;27,3647;0,0000

239,6000;27,3647;0,0000

240,0000;27,3643;0,0000

240,4000;27,3665;0,0000

240,8000;27,3682;0,0000

241,2000;27,3699;0,0000

241,6000;27,3691;0,0000

242,0000;27,3646;0,0000

242,4000;27,3659;0,0000

242,8000;27,3677;0,0000

243,2000;27,3684;0,0000

243,6000;27,3661;0,0000

244,0000;27,3671;0,0000

244,4000;27,3678;0,0000

244,8000;27,3704;0,0000

245,2000;27,3733;0,0000

245,6000;27,3741;0,0000

246,0000;27,3662;0,0000

246,4000;27,3614;0,0000

246,8000;27,3620;0,0000

247,2000;27,3634;0,0000

247,6000;27,3626;0,0000

248,0000;27,3636;0,0000

248,4000;27,3635;0,0000

248,8000;27,3646;0,0000

249,2000;27,3628;0,0000

249,6000;27,3647;0,0000

250,0000;27,3648;0,0000

250,4000;27,3658;0,0000

250,8000;27,3612;0,0000

251,2000;27,3621;0,0000

251,6000;27,3641;0,0000

252,0000;27,3652;0,0000

252,4000;27,3644;0,0000

252,8000;27,3646;0,0000

253,2000;27,3670;0,0000

253,6000;27,3653;0,0000

254,0000;27,3647;0,0000

254,4000;27,3646;0,0000

254,8000;27,3591;0,0000

255,2000;27,3594;0,0000

255,6000;27,3603;0,0000

256,0000;27,3607;0,0000

256,4000;27,3638;0,0000

256,8000;27,3638;0,0000

257,2000;27,3654;0,0000

257,6000;27,3656;0,0000

258,0000;27,3660;0,0000

258,4000;27,3633;0,0000

258,8000;27,3645;0,0000

259,2000;27,3665;0,0000

259,6000;27,3634;0,0000

260,0000;27,3621;0,0000

260,4000;27,3628;0,0000

260,8000;27,3638;0,0000

261,2000;27,3627;0,0000

261,6000;27,3648;0,0000

262,0000;27,3664;0,0000

262,4000;27,3645;0,0000

262,8000;27,3642;0,0000

263,2000;27,3615;0,0000

263,6000;27,3615;0,0000

264,0000;27,3644;0,0000

264,4000;27,3650;0,0000

264,8000;27,3640;0,0000

265,2000;27,3660;0,0000

265,6000;27,3681;0,0000

266,0000;27,3652;0,0000

266,4000;27,3668;0,0000

266,8000;27,3650;0,0000

267,2000;27,3637;0,0000

267,6000;27,3646;0,0000

268,0000;27,3726;0,0000

268,4000;27,3699;0,0000

268,8000;27,3713;0,0000

269,2000;27,3756;0,0000

269,6000;27,3775;0,0000

270,0000;27,3829;0,0000

270,4000;27,3870;0,0000

270,8000;27,3924;0,0000

271,2000;27,3995;0,0000

271,6000;27,4080;0,0000

272,0000;27,4195;0,0000

272,4000;27,4166;0,0000

272,8000;27,4305;0,0000

273,2000;27,4478;0,0000

273,6000;27,4598;0,0000

274,0000;27,4757;0,0000

274,4000;27,4926;0,0000

274,8000;27,4945;0,0000

275,2000;27,4994;0,0000

275,6000;27,5018;0,0000

276,0000;27,5032;0,0000

276,4000;27,5078;0,0000

276,8000;27,5729;0,0000

277,2000;27,6296;0,0000

277,6000;27,6362;0,0000

278,0000;27,6507;0,0000

278,4000;27,6482;0,0000

278,8000;27,6636;0,0000

279,2000;27,6680;0,0000

279,6000;27,6535;0,0000

280,0000;27,6650;0,0000

280,4000;27,6862;0,0000

280,8000;27,6882;0,0000

281,2000;27,6764;0,0000

281,6000;27,6608;0,0000

282,0000;27,8328;0,0000

282,4000;27,8754;0,0000

282,8000;27,9153;0,0000

283,2000;27,9785;0,0000

283,6000;28,0079;0,0000

284,0000;28,0371;0,0000

284,4000;28,0483;0,0000

284,8000;27,9869;0,0000

285,2000;27,9156;0,0000

285,6000;27,8919;0,0000

286,0000;27,8920;0,0000

286,4000;27,9110;0,0000

286,8000;28,0027;0,0000

287,2000;28,1045;0,0000

287,6000;28,1947;0,0000

288,0000;28,1581;0,0000

288,4000;28,1336;0,0000

288,8000;28,1246;0,0000

289,2000;28,1689;0,0000

289,6000;28,2128;0,0000

290,0000;28,3252;0,0000

290,4000;28,4035;0,0000

290,8000;28,4156;0,0000

291,2000;28,4167;0,0000

291,6000;28,4381;0,0000

292,0000;28,4069;0,0000

292,4000;28,3810;0,0000

292,8000;28,3546;0,0000

293,2000;28,3477;0,0000

293,6000;28,3497;0,0000

294,0000;28,4031;0,0000

294,4000;28,4508;0,0000

294,8000;28,5560;0,0000

295,2000;28,6255;0,0000

295,6000;28,7440;0,0000

296,0000;28,8240;0,0000

296,4000;28,8020;0,0000

296,8000;28,7978;0,0000

297,2000;28,8187;0,0000

297,6000;28,8639;0,0000

298,0000;28,8809;0,0000

298,4000;28,9003;0,0000

298,8000;28,9730;0,0000

299,2000;29,0578;0,0000

299,6000;28,9519;0,0000

300,0000;28,9160;0,0000

300,4000;29,0058;0,0000

300,8000;29,0419;0,0000

301,2000;29,0490;0,0000

301,6000;29,0410;0,0000

302,0000;29,1692;0,0000

302,4000;29,4181;0,0000

302,8000;29,4406;0,0000

303,2000;29,4261;0,0000

303,6000;29,5395;0,0000

304,0000;29,5952;0,0000

304,4000;29,6057;0,0000

304,8000;29,6685;0,0000

305,2000;29,7366;0,0000

305,6000;29,6658;0,0000

306,0000;29,7058;0,0000

306,4000;29,7047;0,0000

306,8000;29,6957;0,0000

307,2000;29,7662;0,0000

307,6000;30,1046;0,0000

308,0000;30,2424;0,0000

308,4000;30,2255;0,0000

308,8000;29,9997;0,0000

309,2000;29,8674;0,0000

309,6000;29,9361;0,0000

310,0000;30,2799;0,0000

310,4000;30,3340;0,0000

310,8000;30,3044;0,0000

311,2000;30,3202;0,0000

311,6000;30,8630;0,0000

312,0000;30,8945;0,0000

312,4000;30,8473;0,0000

312,8000;30,9521;0,0000

313,2000;30,9585;0,0000

313,6000;30,8289;0,0000

314,0000;31,1330;0,0000

314,4000;31,2828;0,0000

314,8000;31,5879;0,0000

315,2000;31,5656;0,0000

315,6000;31,9205;0,0000

316,0000;32,0829;0,0000

316,4000;32,1446;0,0000

316,8000;32,0573;0,0000

317,2000;31,9902;0,0000

317,6000;32,2229;0,0000

318,0000;32,9049;0,0000

318,4000;33,2345;0,0000

318,8000;33,2105;0,0000

319,2000;33,1091;0,0000

319,6000;32,7819;0,0000

320,0000;32,5801;0,0000

320,4000;32,0917;0,0000

320,8000;32,0273;0,0000

321,2000;32,6260;0,0000

321,6000;32,8557;0,0000

322,0000;32,5798;0,0000

322,4000;32,5563;0,0000

322,8000;33,1500;0,0000

323,2000;33,7663;0,0000

323,6000;33,3881;0,0000

324,0000;33,2073;0,0000

324,4000;33,0112;0,0000

324,8000;33,3696;0,0000

325,2000;33,1916;0,0000

325,6000;32,8501;0,0000

326,0000;33,0152;0,0000

326,4000;33,1964;0,0000

326,8000;32,6222;0,0000

327,2000;32,2570;0,0000

327,6000;32,2596;0,0000

328,0000;32,9937;0,0000

328,4000;33,5132;0,0000

328,8000;33,6987;0,0000

329,2000;33,8910;0,0000

329,6000;33,9429;0,0000

330,0000;33,3989;0,0000

330,4000;33,4837;0,0000

330,8000;33,4907;0,0000

331,2000;33,8650;0,0000

331,6000;33,7169;0,0000

332,0000;33,4820;0,0000

332,4000;33,7479;0,0000

332,8000;33,9003;0,0000

333,2000;34,1370;0,0000

333,6000;33,5851;0,0000

334,0000;33,6157;0,0000

334,4000;33,8324;0,0000

334,8000;33,7611;0,0000

335,2000;33,7279;0,0000

335,6000;34,1597;0,0000

336,0000;34,3385;0,0000

336,4000;34,4132;0,0000

336,8000;34,0543;0,0000

337,2000;34,1503;0,0000

337,6000;34,4819;0,0000

338,0000;34,3327;0,0000

338,4000;34,0918;0,0000

338,8000;34,3013;0,0000

339,2000;34,7041;0,0000

339,6000;34,6091;0,0000

340,0000;34,4092;0,0000

340,4000;34,4601;0,0000

340,8000;33,8987;0,0000

341,2000;33,5894;0,0000

341,6000;34,3357;0,0000

342,0000;34,0372;0,0000

342,4000;34,0684;0,0000

342,8000;34,5494;0,0000

343,2000;34,5068;0,0000

343,6000;34,4934;0,0000

344,0000;34,6586;0,0000

344,4000;34,0062;0,0000

344,8000;34,8115;0,0000

345,2000;35,1139;0,0000

345,6000;34,9773;0,0000

346,0000;34,7313;0,0000

346,4000;34,2699;0,0000

346,8000;34,3210;0,0000

347,2000;34,5084;0,0000

347,6000;34,6140;0,0000

348,0000;34,5175;0,0000

348,4000;34,5022;0,0000

348,8000;34,6616;0,0000

349,2000;34,7898;0,0000

349,6000;34,9359;0,0000

350,0000;35,1223;0,0000

350,4000;35,3689;0,0000

350,8000;35,4153;0,0000

351,2000;35,4664;0,0000

351,6000;35,6255;0,0000

352,0000;35,1443;0,0000

352,4000;34,5204;0,0000

352,8000;34,4328;0,0000

353,2000;34,5692;0,0000

353,6000;34,6197;0,0000

354,0000;34,6439;0,0000

354,4000;34,7136;0,0000

354,8000;34,9020;0,0000

355,2000;35,3834;0,0000

355,6000;35,4888;0,0000

356,0000;35,2980;0,0000

356,4000;35,4923;0,0000

356,8000;35,7439;0,0000

357,2000;35,6298;0,0000

357,6000;35,4439;0,0000

358,0000;35,4259;0,0000

358,4000;35,5508;0,0000

358,8000;35,5347;0,0000

359,2000;35,8148;0,0000

359,6000;35,9138;0,0000

360,0000;35,7531;0,0000

360,4000;35,2558;0,0000

360,8000;35,2332;0,0000

361,2000;35,4042;0,0000

361,6000;35,7087;0,0000

362,0000;35,9295;0,0000

362,4000;35,9120;0,0000

362,8000;35,9030;0,0000

363,2000;35,5081;0,0000

363,6000;35,5650;0,0000

364,0000;35,7533;0,0000

364,4000;35,8898;0,0000

364,8000;35,7964;0,0000

365,2000;35,6261;0,0000

365,6000;35,3180;0,0000

366,0000;35,5365;0,0000

366,4000;35,5876;0,0000

366,8000;35,6647;0,0000

367,2000;35,7058;0,0000

367,6000;35,8941;0,0000

368,0000;36,1009;0,0000

368,4000;35,8372;0,0000

368,8000;35,8147;0,0000

369,2000;36,1932;0,0000

369,6000;36,2177;0,0000

370,0000;35,7896;0,0000

370,4000;35,7502;0,0000

370,8000;35,7987;0,0000

371,2000;35,7497;0,0000

371,6000;35,6628;0,0000

372,0000;35,6657;0,0000

372,4000;35,8151;0,0000

372,8000;35,8348;0,0000

373,2000;35,9957;0,0000

373,6000;36,1814;0,0000

374,0000;36,4233;0,0000

374,4000;36,5087;0,0000

374,8000;36,3548;0,0000

375,2000;36,2407;0,0000

375,6000;36,1372;0,0000

376,0000;36,0145;0,0000

376,4000;36,0511;0,0000

376,8000;36,1591;0,0000

377,2000;36,1808;0,0000

377,6000;36,2134;0,0000

378,0000;36,1909;0,0000

378,4000;36,0738;0,0000

378,8000;35,7212;0,0000

379,2000;35,9398;0,0000

379,6000;36,1478;0,0000

380,0000;36,1748;0,0000

380,4000;36,0151;0,0000

380,8000;36,0050;0,0000

381,2000;36,1037;0,0000

381,6000;36,0936;0,0000

382,0000;36,0375;0,0000

382,4000;36,0379;0,0000

382,8000;36,0299;0,0000

383,2000;35,9484;0,0000

383,6000;36,0956;0,0000

384,0000;36,1564;0,0000

384,4000;35,9415;0,0000

384,8000;35,9662;0,0000

385,2000;36,0000;0,0000

385,6000;35,9440;0,0000

386,0000;36,0889;0,0000

386,4000;36,2563;0,0000

386,8000;36,4335;0,0000

387,2000;36,5991;0,0000

387,6000;36,5134;0,0000

388,0000;36,4421;0,0000

388,4000;36,3722;0,0000

388,8000;36,3255;0,0000

389,2000;36,2527;0,0000

389,6000;36,4092;0,0000

390,0000;36,3086;0,0000

390,4000;36,2513;0,0000

390,8000;36,2778;0,0000

391,2000;36,3826;0,0000

391,6000;36,4437;0,0000

392,0000;36,5391;0,0000

392,4000;36,4899;0,0000

392,8000;36,4668;0,0000

393,2000;36,5470;0,0000

393,6000;36,5815;0,0000

394,0000;36,6129;0,0000

394,4000;36,5955;0,0000

394,8000;36,5462;0,0000

395,2000;36,5920;0,0000

395,6000;36,4529;0,0000

396,0000;36,5439;0,0000

396,4000;36,6478;0,0000

396,8000;36,5431;0,0000

397,2000;36,6470;0,0000

397,6000;36,6128;0,0000

398,0000;36,5373;0,0000

398,4000;36,4854;0,0000

398,8000;36,5247;0,0000

399,2000;36,4497;0,0000

399,6000;36,5808;0,0000

400,0000;36,6211;0,0000

400,4000;36,5222;0,0000

400,8000;36,3870;0,0000

401,2000;36,1870;0,0000

401,6000;36,2134;0,0000

402,0000;36,5015;0,0000

402,4000;36,6036;0,0000

402,8000;36,6896;0,0000

403,2000;36,6344;0,0000

403,6000;36,5136;0,0000

404,0000;36,4620;0,0000

404,4000;36,4402;0,0000

404,8000;36,6135;0,0000

405,2000;36,7040;0,0000

405,6000;36,7224;0,0000

406,0000;36,8274;0,0000

406,4000;36,8227;0,0000

406,8000;36,8514;0,0000

407,2000;36,8413;0,0000

407,6000;36,7245;0,0000

408,0000;36,6595;0,0000

408,4000;36,6615;0,0000

408,8000;36,6576;0,0000

409,2000;36,6646;0,0000

409,6000;36,6855;0,0000

410,0000;36,8187;0,0000

410,4000;36,8449;0,0000

410,8000;36,8188;0,0000

411,2000;36,8660;0,0000

411,6000;36,8133;0,0000

412,0000;36,7052;0,0000

412,4000;36,6991;0,0000

412,8000;36,6917;0,0000

413,2000;36,7709;0,0000

413,6000;36,7353;0,0000

414,0000;36,8524;0,0000

414,4000;36,9491;0,0000

414,8000;36,8773;0,0000

415,2000;36,8217;0,0000

415,6000;36,7596;0,0000

416,0000;36,7059;0,0000

416,4000;36,7557;0,0000

416,8000;36,6551;0,0000

417,2000;36,5524;0,0000

417,6000;36,6347;0,0000

418,0000;36,7159;0,0000

418,4000;36,6053;0,0000

418,8000;36,7467;0,0000

419,2000;36,8767;0,0000

419,6000;36,9285;0,0000

420,0000;36,8165;0,0000

420,4000;36,7487;0,0000

420,8000;36,8324;0,0000

421,2000;36,8511;0,0000

421,6000;36,9261;0,0000

422,0000;36,7683;0,0000

422,4000;36,6270;0,0000

422,8000;36,5130;0,0000

423,2000;36,6593;0,0000

423,6000;36,6649;0,0000

424,0000;36,7300;0,0000

424,4000;36,6844;0,0000

424,8000;36,6395;0,0000

425,2000;36,7812;0,0000

425,6000;36,8525;0,0000

426,0000;36,8557;0,0000

426,4000;36,8284;0,0000

426,8000;36,8916;0,0000

427,2000;36,9715;0,0000

427,6000;37,0032;0,0000

428,0000;36,9817;0,0000

428,4000;36,9887;0,0000

428,8000;36,9653;0,0000

429,2000;36,9483;0,0000

429,6000;37,0372;0,0000

430,0000;36,9813;0,0000

430,4000;37,0197;0,0000

430,8000;37,0869;0,0000

431,2000;37,0473;0,0000

431,6000;37,0410;0,0000

432,0000;36,9723;0,0000

432,4000;36,9092;0,0000

432,8000;36,9402;0,0000

433,2000;36,9142;0,0000

433,6000;36,9246;0,0000

434,0000;36,9129;0,0000

434,4000;36,9133;0,0000

434,8000;36,9102;0,0000

435,2000;36,8775;0,0000

435,6000;36,8227;0,0000

436,0000;36,7919;0,0000

436,4000;36,8761;0,0000

436,8000;36,8816;0,0000

437,2000;36,8628;0,0000

437,6000;36,8640;0,0000

438,0000;36,8727;0,0000

438,4000;36,8217;0,0000

438,8000;36,5727;0,0000

439,2000;36,6820;0,0000

439,6000;36,6933;0,0000

440,0000;36,7243;0,0000

440,4000;36,7307;0,0000

440,8000;36,8354;0,0000

441,2000;36,9392;0,0000

441,6000;36,9416;0,0000

442,0000;36,8381;0,0000

442,4000;36,9633;0,0000

442,8000;37,0342;0,0000

443,2000;37,0497;0,0000

443,6000;37,0718;0,0000

444,0000;37,0961;0,0000

444,4000;37,1224;0,0000

444,8000;37,0913;0,0000

445,2000;37,0918;0,0000

445,6000;37,1259;0,0000

446,0000;37,0229;0,0000

446,4000;37,0520;0,0000

446,8000;37,0646;0,0000

447,2000;37,0973;0,0000

447,6000;37,1697;0,0000

448,0000;37,1532;0,0000

448,4000;37,1759;0,0000

448,8000;37,1458;0,0000

449,2000;37,1342;0,0000

449,6000;37,1462;0,0000

450,0000;37,1511;0,0000

450,4000;37,1214;0,0000

450,8000;37,0589;0,0000

451,2000;37,0826;0,0000

451,6000;37,1163;0,0000

452,0000;37,1623;0,0000

452,4000;37,1843;0,0000

452,8000;37,1741;0,0000

453,2000;37,1627;0,0000

453,6000;37,1609;0,0000

454,0000;37,1480;0,0000

454,4000;37,2197;0,0000

454,8000;37,2407;0,0000

455,2000;37,1380;0,0000

455,6000;37,1333;0,0000

456,0000;37,1313;0,0000

456,4000;37,1407;0,0000

456,8000;37,1724;0,0000

457,2000;37,1637;0,0000

457,6000;37,1539;0,0000

458,0000;37,1891;0,0000

458,4000;37,1943;0,0000

458,8000;37,2134;0,0000

459,2000;37,2452;0,0000

459,6000;37,2441;0,0000

460,0000;37,2491;0,0000

460,4000;37,2018;0,0000

460,8000;37,2837;0,0000

461,2000;37,2973;0,0000

461,6000;37,2909;0,0000

462,0000;37,2957;0,0000

462,4000;37,2321;0,0000

462,8000;37,2576;0,0000

463,2000;37,2876;0,0000

463,6000;37,2786;0,0000

464,0000;37,2843;0,0000

464,4000;37,2573;0,0000

464,8000;37,2246;0,0000

465,2000;37,2082;0,0000

465,6000;37,1917;0,0000

466,0000;37,1796;0,0000

466,4000;37,1729;0,0000

466,8000;37,1655;0,0000

467,2000;37,1627;0,0000

467,6000;37,1922;0,0000

468,0000;37,1915;0,0000

468,4000;37,1889;0,0000

468,8000;37,1537;0,0000

469,2000;37,1398;0,0000

469,6000;37,1635;0,0000

470,0000;37,2126;0,0000

470,4000;37,1981;0,0000

470,8000;37,2595;0,0000

471,2000;37,2689;0,0000

471,6000;37,2748;0,0000

472,0000;37,2648;0,0000

472,4000;37,2551;0,0000

472,8000;37,2446;0,0000

473,2000;37,3087;0,0000

473,6000;37,3448;0,0000

474,0000;37,3114;0,0000

474,4000;37,2561;0,0000

474,8000;37,2802;0,0000

475,2000;37,3212;0,0000

475,6000;37,3451;0,0000

476,0000;37,2843;0,0000

476,4000;37,3236;0,0000

476,8000;37,3374;0,0000

477,2000;37,3336;0,0000

477,6000;37,3641;0,0000

478,0000;37,3426;0,0000

478,4000;37,3144;0,0000

478,8000;37,3497;0,0000

479,2000;37,3466;0,0000

479,6000;37,3390;0,0000

480,0000;37,3257;0,0000

480,4000;37,3668;0,0000

480,8000;37,3896;0,0000

481,2000;37,3898;0,0000

481,6000;37,3532;0,0000

482,0000;37,3436;0,0000

482,4000;37,3468;0,0000

482,8000;37,3360;0,0000

483,2000;37,3097;0,0000

483,6000;37,3221;0,0000

484,0000;37,3186;0,0000

484,4000;37,3156;0,0000

484,8000;37,3013;0,0000

485,2000;37,2791;0,0000

485,6000;37,2959;0,0000

486,0000;37,3087;0,0000

486,4000;37,3366;0,0000

486,8000;37,3640;0,0000

487,2000;37,3900;0,0000

487,6000;37,3980;0,0000

488,0000;37,4092;0,0000

488,4000;37,4095;0,0000

488,8000;37,4075;0,0000

489,2000;37,4277;0,0000

489,6000;37,4357;0,0000

490,0000;37,4654;0,0000

490,4000;37,4677;0,0000

490,8000;37,4727;0,0000

491,2000;37,4731;0,0000

491,6000;37,4086;0,0000

492,0000;37,3674;0,0000

492,4000;37,3420;0,0000

492,8000;37,3472;0,0000

493,2000;37,3762;0,0000

493,6000;37,3916;0,0000

494,0000;37,4093;0,0000

494,4000;37,4307;0,0000

494,8000;37,3934;0,0000

495,2000;37,3845;0,0000

495,6000;37,3680;0,0000

496,0000;37,3745;0,0000

496,4000;37,4347;0,0000

496,8000;37,4299;0,0000

497,2000;37,4207;0,0000

497,6000;37,4148;0,0000

498,0000;37,3998;0,0000

498,4000;37,4020;0,0000

498,8000;37,4099;0,0000

499,2000;37,4150;0,0000

499,6000;37,4373;0,0000

500,0000;37,4307;0,0000

500,4000;37,4834;0,0000

500,8000;37,4947;0,0000

501,2000;37,4720;0,0000

501,6000;37,4745;0,0000

502,0000;37,4547;0,0000

502,4000;37,4503;0,0000

502,8000;37,4589;0,0000

503,2000;37,4764;0,0000

503,6000;37,4800;0,0000

504,0000;37,4632;0,0000

504,4000;37,4519;0,0000

504,8000;37,4419;0,0000

505,2000;37,4960;0,0000

505,6000;37,5432;0,0000

506,0000;37,5484;0,0000

506,4000;37,5271;0,0000

506,8000;37,4988;0,0000

507,2000;37,5112;0,0000

507,6000;37,4983;0,0000

508,0000;37,4759;0,0000

508,4000;37,4814;0,0000

508,8000;37,4894;0,0000

509,2000;37,5062;0,0000

509,6000;37,5132;0,0000

510,0000;37,5271;0,0000

510,4000;37,5461;0,0000

510,8000;37,5784;0,0000

511,2000;37,5578;0,0000

511,6000;37,5506;0,0000

512,0000;37,5218;0,0000

512,4000;37,5298;0,0000

512,8000;37,5219;0,0000

513,2000;37,5361;0,0000

513,6000;37,5242;0,0000

514,0000;37,5035;0,0000

514,4000;37,5154;0,0000

514,8000;37,4967;0,0000

515,2000;37,4887;0,0000

515,6000;37,5085;0,0000

516,0000;37,5084;0,0000

516,4000;37,4952;0,0000

516,8000;37,4860;0,0000

517,2000;37,4813;0,0000

517,6000;37,5110;0,0000

518,0000;37,5404;0,0000

518,4000;37,5274;0,0000

518,8000;37,5268;0,0000

519,2000;37,5186;0,0000

519,6000;37,5039;0,0000

520,0000;37,4950;0,0000

520,4000;37,4929;0,0000

520,8000;37,4952;0,0000

521,2000;37,4961;0,0000

521,6000;37,5165;0,0000

522,0000;37,5339;0,0000

522,4000;37,5391;0,0000

522,8000;37,5426;0,0000

523,2000;37,5407;0,0000

523,6000;37,5338;0,0000

524,0000;37,5117;0,0000

524,4000;37,5006;0,0000

524,8000;37,4936;0,0000

525,2000;37,5202;0,0000

525,6000;37,5495;0,0000

526,0000;37,5566;0,0000

526,4000;37,5714;0,0000

526,8000;37,5581;0,0000

527,2000;37,5620;0,0000

527,6000;37,5581;0,0000

528,0000;37,5407;0,0000

528,4000;37,5636;0,0000

528,8000;37,5595;0,0000

529,2000;37,5565;0,0000

529,6000;37,5473;0,0000

530,0000;37,5209;0,0000

530,4000;37,5142;0,0000

530,8000;37,5251;0,0000

531,2000;37,5512;0,0000

531,6000;37,5841;0,0000

532,0000;37,5993;0,0000

532,4000;37,5899;0,0000

532,8000;37,5835;0,0000

533,2000;37,5473;0,0000

533,6000;37,5491;0,0000

534,0000;37,5431;0,0000

534,4000;37,5708;0,0000

534,8000;37,5909;0,0000

535,2000;37,5992;0,0000

535,6000;37,6081;0,0000

536,0000;37,6060;0,0000

536,4000;37,5842;0,0000

536,8000;37,5773;0,0000

537,2000;37,5944;0,0000

537,6000;37,6181;0,0000

538,0000;37,5990;0,0000

538,4000;37,5951;0,0000

538,8000;37,5856;0,0000

539,2000;37,5847;0,0000

539,6000;37,5882;0,0000

540,0000;37,5854;0,0000

540,4000;37,5769;0,0000

540,8000;37,5703;0,0000

541,2000;37,5675;0,0000

541,6000;37,5605;0,0000

542,0000;37,5636;0,0000

542,4000;37,5965;0,0000

542,8000;37,6185;0,0000

543,2000;37,6253;0,0000

543,6000;37,6208;0,0000

544,0000;37,6191;0,0000

544,4000;37,6079;0,0000

544,8000;37,5986;0,0000

545,2000;37,5933;0,0000

545,6000;37,5901;0,0000

546,0000;37,5929;0,0000

546,4000;37,6137;0,0000

546,8000;37,5963;0,0000

547,2000;37,5947;0,0000

547,6000;37,6156;0,0000

548,0000;37,6396;0,0000

548,4000;37,6467;0,0000

548,8000;37,6371;0,0000

549,2000;37,6255;0,0000

549,6000;37,6535;0,0000

550,0000;37,6315;0,0000

550,4000;37,6109;0,0000

550,8000;37,6118;0,0000

551,2000;37,6043;0,0000

551,6000;37,6195;0,0000

552,0000;37,6262;0,0000

552,4000;37,6302;0,0000

552,8000;37,6288;0,0000

553,2000;37,6502;0,0000

553,6000;37,6457;0,0000

554,0000;37,6410;0,0000

554,4000;37,6102;0,0000

554,8000;37,6050;0,0000

555,2000;37,6009;0,0000

555,6000;37,5917;0,0000

556,0000;37,6108;0,0000

556,4000;37,6164;0,0000

556,8000;37,6064;0,0000

557,2000;37,6065;0,0000

557,6000;37,6177;0,0000

558,0000;37,6223;0,0000

558,4000;37,6102;0,0000

558,8000;37,6094;0,0000

559,2000;37,6111;0,0000

559,6000;37,6257;0,0000

560,0000;37,6411;0,0000

560,4000;37,6346;0,0000

560,8000;37,6203;0,0000

561,2000;37,6279;0,0000

561,6000;37,6415;0,0000

562,0000;37,6541;0,0000

562,4000;37,6440;0,0000

562,8000;37,5834;0,0000

563,2000;37,5748;0,0000

563,6000;37,6161;0,0000

564,0000;37,6212;0,0000

564,4000;37,6349;0,0000

564,8000;37,6446;0,0000

565,2000;37,6418;0,0000

565,6000;37,6471;0,0000

566,0000;37,6488;0,0000

566,4000;37,6595;0,0000

566,8000;37,6670;0,0000

567,2000;37,6680;0,0000

567,6000;37,6554;0,0000

568,0000;37,6590;0,0000

568,4000;37,6634;0,0000

568,8000;37,6643;0,0000

569,2000;37,6570;0,0000

569,6000;37,6565;0,0000

570,0000;37,6577;0,0000

570,4000;37,6624;0,0000

570,8000;37,6681;0,0000

571,2000;37,6464;0,0000

571,6000;37,6470;0,0000

572,0000;37,6576;0,0000

572,4000;37,6578;0,0000

572,8000;37,6598;0,0000

573,2000;37,6649;0,0000

573,6000;37,6634;0,0000

574,0000;37,6511;0,0000

574,4000;37,6552;0,0000

574,8000;37,6794;0,0000

575,2000;37,6814;0,0000

575,6000;37,6792;0,0000

576,0000;37,6715;0,0000

576,4000;37,6631;0,0000

576,8000;37,6661;0,0000

577,2000;37,6760;0,0000

577,6000;37,6754;0,0000

578,0000;37,6941;0,0000

578,4000;37,6725;0,0000

578,8000;37,6783;0,0000

579,2000;37,6716;0,0000

579,6000;37,6721;0,0000

580,0000;37,6720;0,0000

580,4000;37,6644;0,0000

580,8000;37,6567;0,0000

581,2000;37,6578;0,0000

581,6000;37,6637;0,0000

582,0000;37,6681;0,0000

582,4000;37,6655;0,0000

582,8000;37,6603;0,0000

583,2000;37,6694;0,0000

583,6000;37,6650;0,0000

584,0000;37,6636;0,0000

584,4000;37,6562;0,0000

584,8000;37,6497;0,0000

585,2000;37,6537;0,0000

585,6000;37,6595;0,0000

586,0000;37,6567;0,0000

586,4000;37,6516;0,0000

586,8000;37,6641;0,0000

587,2000;37,6686;0,0000

587,6000;37,6514;0,0000

588,0000;37,6505;0,0000

588,4000;37,6531;0,0000

588,8000;37,6700;0,0000

589,2000;37,6805;0,0000

589,6000;37,6870;0,0000

590,0000;37,6837;0,0000

590,4000;37,6829;0,0000

590,8000;37,6833;0,0000

591,2000;37,6903;0,0000

591,6000;37,6996;0,0000

592,0000;37,7119;0,0000

592,4000;37,7045;0,0000

592,8000;37,6995;0,0000

593,2000;37,6966;0,0000

593,6000;37,6994;0,0000

594,0000;37,7002;0,0000

594,4000;37,6971;0,0000

594,8000;37,6936;0,0000

595,2000;37,6942;0,0000

595,6000;37,6971;0,0000

596,0000;37,6967;0,0000

596,4000;37,7018;0,0000

596,8000;37,6976;0,0000

597,2000;37,7042;0,0000

597,6000;37,7018;0,0000

598,0000;37,6996;0,0000

598,4000;37,6969;0,0000

598,8000;37,6962;0,0000

599,2000;37,6888;0,0000

599,6000;37,6968;0,0000

600,0000;37,6926;0,0000

600,4000;37,6859;0,0000

600,8000;37,6864;0,0000

601,2000;37,6891;0,0000

